field,G intensity,a.u.
  3019.0	  1925
  3019.1	  1924
  3019.2	  1925
  3019.3	  1924
  3019.4	  1924
  3019.5	  1924
  3019.6	  1928
  3019.7	  1926
  3019.8	  1927
  3019.9	  1928
  3020.0	  1928
  3020.1	  1931
  3020.2	  1932
  3020.3	  1934
  3020.4	  1935
  3020.5	  1939
  3020.6	  1941
  3020.7	  1943
  3020.8	  1945
  3020.9	  1948
  3021.0	  1953
  3021.1	  1954
  3021.2	  1957
  3021.3	  1961
  3021.4	  1964
  3021.5	  1968
  3021.6	  1970
  3021.7	  1973
  3021.8	  1977
  3021.9	  1979
  3022.0	  1984
  3022.1	  1987
  3022.2	  1991
  3022.3	  1995
  3022.4	  2004
  3022.5	  2004
  3022.6	  2008
  3022.7	  2011
  3022.8	  2015
  3022.9	  2021
 3023.01	  2023
 3023.11	  2027
 3023.21	  2031
 3023.31	  2036
 3023.41	  2041
 3023.51	  2044
 3023.61	  2049
 3023.71	  2053
 3023.81	  2057
 3023.91	  2059
 3024.01	  2064
 3024.11	  2069
 3024.21	  2073
 3024.31	  2080
 3024.41	  2082
 3024.51	  2086
 3024.61	  2091
 3024.71	  2096
 3024.81	  2100
 3024.91	  2105
 3025.01	  2111
 3025.11	  2115
 3025.21	  2120
 3025.31	  2124
 3025.41	  2130
 3025.51	  2135
 3025.61	  2140
 3025.71	  2148
 3025.81	  2149
 3025.91	  2155
 3026.01	  2160
 3026.11	  2165
 3026.21	  2168
 3026.31	  2174
 3026.41	  2180
 3026.51	  2185
 3026.61	  2190
 3026.71	  2194
 3026.81	  2202
 3026.91	  2207
 3027.01	  2213
 3027.11	  2218
 3027.21	  2223
 3027.31	  2231
 3027.41	  2237
 3027.51	  2243
 3027.61	  2248
 3027.71	  2254
 3027.81	  2261
 3027.91	  2266
 3028.01	  2272
 3028.11	  2274
 3028.21	  2284
 3028.31	  2290
 3028.41	  2297
 3028.51	  2304
 3028.61	  2309
 3028.71	  2318
 3028.81	  2324
 3028.91	  2331
 3029.01	  2338
 3029.11	  2344
 3029.21	  2350
 3029.31	  2357
 3029.41	  2363
 3029.51	  2366
 3029.61	  2376
 3029.71	  2382
 3029.81	  2389
 3029.91	  2394
 3030.01	  2398
 3030.11	  2407
 3030.21	  2413
 3030.31	  2419
 3030.41	  2426
 3030.51	  2433
 3030.61	  2439
 3030.71	  2444
 3030.81	  2452
 3030.91	  2458
 3031.02	  2466
 3031.12	  2472
 3031.22	  2481
 3031.32	  2487
 3031.42	  2493
 3031.52	  2502
 3031.62	  2508
 3031.72	  2516
 3031.82	  2524
 3031.92	  2531
 3032.02	  2537
 3032.12	  2543
 3032.22	  2550
 3032.32	  2556
 3032.42	  2566
 3032.52	  2570
 3032.62	  2577
 3032.72	  2584
 3032.82	  2588
 3032.92	  2598
 3033.02	  2603
 3033.12	  2610
 3033.22	  2617
 3033.32	  2626
 3033.42	  2629
 3033.52	  2635
 3033.62	  2642
 3033.72	  2648
 3033.82	  2656
 3033.92	  2659
 3034.02	  2664
 3034.12	  2670
 3034.22	  2677
 3034.32	  2684
 3034.42	  2688
 3034.52	  2695
 3034.62	  2702
 3034.72	  2706
 3034.82	  2711
 3034.92	  2718
 3035.02	  2723
 3035.12	  2729
 3035.22	  2739
 3035.32	  2739
 3035.42	  2745
 3035.52	  2751
 3035.62	  2756
 3035.72	  2762
 3035.82	  2766
 3035.92	  2772
 3036.02	  2777
 3036.12	  2782
 3036.22	  2785
 3036.32	  2792
 3036.42	  2795
 3036.52	  2800
 3036.62	  2807
 3036.72	  2808
 3036.82	  2814
 3036.92	  2818
 3037.02	  2823
 3037.12	  2827
 3037.22	  2830
 3037.32	  2832
 3037.42	  2834
 3037.52	  2837
 3037.62	  2839
 3037.72	  2844
 3037.82	  2847
 3037.92	  2851
 3038.02	  2854
 3038.12	  2853
 3038.22	  2857
 3038.32	  2859
 3038.42	  2859
 3038.52	  2862
 3038.62	  2861
 3038.72	  2864
 3038.82	  2865
 3038.92	  2867
 3039.03	  2864
 3039.13	  2869
 3039.23	  2869
 3039.33	  2870
 3039.43	  2870
 3039.53	  2869
 3039.63	  2871
 3039.73	  2872
 3039.83	  2870
 3039.93	  2869
 3040.03	  2869
 3040.13	  2869
 3040.23	  2867
 3040.33	  2865
 3040.43	  2860
 3040.53	  2860
 3040.63	  2856
 3040.73	  2853
 3040.83	  2851
 3040.93	  2844
 3041.03	  2845
 3041.13	  2842
 3041.23	  2838
 3041.33	  2834
 3041.43	  2832
 3041.53	  2828
 3041.63	  2824
 3041.73	  2819
 3041.83	  2814
 3041.93	  2808
 3042.03	  2802
 3042.13	  2797
 3042.23	  2791
 3042.33	  2782
 3042.43	  2780
 3042.53	  2773
 3042.63	  2767
 3042.73	  2760
 3042.83	  2754
 3042.93	  2746
 3043.03	  2739
 3043.13	  2732
 3043.23	  2724
 3043.33	  2718
 3043.43	  2709
 3043.53	  2700
 3043.63	  2692
 3043.73	  2682
 3043.83	  2676
 3043.93	  2666
 3044.03	  2657
 3044.13	  2648
 3044.23	  2640
 3044.33	  2629
 3044.43	  2620
 3044.53	  2612
 3044.63	  2602
 3044.73	  2595
 3044.83	  2583
 3044.93	  2572
 3045.03	  2562
 3045.13	  2551
 3045.23	  2543
 3045.33	  2530
 3045.43	  2520
 3045.53	  2509
 3045.63	  2496
 3045.73	  2486
 3045.83	  2473
 3045.93	  2461
 3046.03	  2449
 3046.13	  2441
 3046.23	  2424
 3046.33	  2411
 3046.43	  2398
 3046.53	  2386
 3046.63	  2374
 3046.73	  2360
 3046.83	  2347
 3046.93	  2334
 3047.04	  2321
 3047.14	  2308
 3047.24	  2295
 3047.34	  2282
 3047.44	  2268
 3047.54	  2257
 3047.64	  2241
 3047.74	  2228
 3047.84	  2215
 3047.94	  2204
 3048.04	  2192
 3048.14	  2177
 3048.24	  2165
 3048.34	  2152
 3048.44	  2138
 3048.54	  2125
 3048.64	  2112
 3048.74	  2099
 3048.84	  2086
 3048.94	  2072
 3049.04	  2058
 3049.14	  2047
 3049.24	  2033
 3049.34	  2021
 3049.44	  2011
 3049.54	  1995
 3049.64	  1984
 3049.74	  1971
 3049.84	  1958
 3049.94	  1944
 3050.04	  1933
 3050.14	  1920
 3050.24	  1907
 3050.34	  1894
 3050.44	  1879
 3050.54	  1869
 3050.64	  1856
 3050.74	  1843
 3050.84	  1830
 3050.94	  1816
 3051.04	  1806
 3051.14	  1793
 3051.24	  1781
 3051.34	  1764
 3051.44	  1753
 3051.54	  1741
 3051.64	  1730
 3051.74	  1719
 3051.84	  1710
 3051.94	  1698
 3052.04	  1687
 3052.14	  1678
 3052.24	  1666
 3052.34	  1658
 3052.44	  1646
 3052.54	  1636
 3052.64	  1626
 3052.74	  1615
 3052.84	  1607
 3052.94	  1597
 3053.04	  1588
 3053.14	  1578
 3053.24	  1571
 3053.34	  1558
 3053.44	  1549
 3053.54	  1539
 3053.64	  1530
 3053.74	  1523
 3053.84	  1512
 3053.94	  1502
 3054.04	  1494
 3054.14	  1486
 3054.24	  1478
 3054.34	  1469
 3054.44	  1461
 3054.54	  1453
 3054.64	  1445
 3054.74	  1438
 3054.84	  1430
 3054.94	  1423
 3055.05	  1415
 3055.15	  1413
 3055.25	  1401
 3055.35	  1394
 3055.45	  1386
 3055.55	  1380
 3055.65	  1373
 3055.75	  1365
 3055.85	  1359
 3055.95	  1353
 3056.05	  1346
 3056.15	  1340
 3056.25	  1334
 3056.35	  1328
 3056.45	  1323
 3056.55	  1319
 3056.65	  1310
 3056.75	  1306
 3056.85	  1301
 3056.95	  1296
 3057.05	  1292
 3057.15	  1287
 3057.25	  1283
 3057.35	  1275
 3057.45	  1270
 3057.55	  1268
 3057.65	  1261
 3057.75	  1257
 3057.85	  1253
 3057.95	  1247
 3058.05	  1247
 3058.15	  1242
 3058.25	  1239
 3058.35	  1237
 3058.45	  1236
 3058.55	  1232
 3058.65	  1229
 3058.75	  1226
 3058.85	  1224
 3058.95	  1224
 3059.05	  1219
 3059.15	  1216
 3059.25	  1214
 3059.35	  1211
 3059.45	  1211
 3059.55	  1207
 3059.65	  1205
 3059.75	  1202
 3059.85	  1198
 3059.95	  1198
 3060.05	  1195
 3060.15	  1193
 3060.25	  1191
 3060.35	  1195
 3060.45	  1188
 3060.55	  1187
 3060.65	  1187
 3060.75	  1186
 3060.85	  1186
 3060.95	  1184
 3061.05	  1184
 3061.15	  1183
 3061.25	  1182
 3061.35	  1181
 3061.45	  1181
 3061.55	  1180
 3061.65	  1180
 3061.75	  1182
 3061.85	  1179
 3061.95	  1179
 3062.05	  1179
 3062.15	  1179
 3062.25	  1180
 3062.35	  1178
 3062.45	  1179
 3062.55	  1179
 3062.65	  1179
 3062.75	  1178
 3062.85	  1179
 3062.95	  1180
 3063.06	  1180
 3063.16	  1181
 3063.26	  1179
 3063.36	  1181
 3063.46	  1181
 3063.56	  1182
 3063.66	  1183
 3063.76	  1182
 3063.86	  1184
 3063.96	  1186
 3064.06	  1186
 3064.16	  1186
 3064.26	  1185
 3064.36	  1187
 3064.46	  1187
 3064.56	  1188
 3064.66	  1188
 3064.76	  1187
 3064.86	  1190
 3064.96	  1190
 3065.06	  1192
 3065.16	  1194
 3065.26	  1194
 3065.36	  1196
 3065.46	  1196
 3065.56	  1197
 3065.66	  1194
 3065.76	  1199
 3065.86	  1201
 3065.96	  1203
 3066.06	  1205
 3066.16	  1206
 3066.26	  1209
 3066.36	  1210
 3066.46	  1211
 3066.56	  1213
 3066.66	  1213
 3066.76	  1215
 3066.86	  1217
 3066.96	  1218
 3067.06	  1215
 3067.16	  1220
 3067.26	  1220
 3067.36	  1222
 3067.46	  1223
 3067.56	  1222
 3067.66	  1226
 3067.76	  1227
 3067.86	  1229
 3067.96	  1231
 3068.06	  1234
 3068.16	  1235
 3068.26	  1236
 3068.36	  1238
 3068.46	  1240
 3068.56	  1243
 3068.66	  1244
 3068.76	  1246
 3068.86	  1248
 3068.96	  1248
 3069.06	  1253
 3069.16	  1253
 3069.26	  1254
 3069.36	  1256
 3069.46	  1258
 3069.56	  1258
 3069.66	  1264
 3069.76	  1262
 3069.86	  1265
 3069.96	  1267
 3070.06	  1268
 3070.16	  1270
 3070.26	  1272
 3070.36	  1274
 3070.46	  1275
 3070.56	  1277
 3070.66	  1277
 3070.76	  1281
 3070.86	  1282
 3070.96	  1284
 3071.07	  1286
 3071.17	  1285
 3071.27	  1289
 3071.37	  1290
 3071.47	  1292
 3071.57	  1295
 3071.67	  1296
 3071.77	  1298
 3071.87	  1300
 3071.97	  1301
 3072.07	  1299
 3072.17	  1305
 3072.27	  1306
 3072.37	  1308
 3072.47	  1310
 3072.57	  1311
 3072.67	  1314
 3072.77	  1315
 3072.87	  1316
 3072.97	  1318
 3073.07	  1319
 3073.17	  1321
 3073.27	  1324
 3073.37	  1325
 3073.47	  1324
 3073.57	  1331
 3073.67	  1331
 3073.77	  1333
 3073.87	  1334
 3073.97	  1333
 3074.07	  1337
 3074.17	  1339
 3074.27	  1340
 3074.37	  1341
 3074.47	  1343
 3074.57	  1344
 3074.67	  1345
 3074.77	  1346
 3074.87	  1347
 3074.97	  1350
 3075.07	  1350
 3075.17	  1352
 3075.27	  1354
 3075.37	  1353
 3075.47	  1357
 3075.57	  1358
 3075.67	  1359
 3075.77	  1361
 3075.87	  1364
 3075.97	  1364
 3076.07	  1365
 3076.17	  1367
 3076.27	  1367
 3076.37	  1371
 3076.47	  1371
 3076.57	  1372
 3076.67	  1375
 3076.77	  1374
 3076.87	  1378
 3076.97	  1378
 3077.07	  1380
 3077.17	  1381
 3077.27	  1386
 3077.37	  1385
 3077.47	  1386
 3077.57	  1388
 3077.67	  1389
 3077.77	  1392
 3077.87	  1391
 3077.97	  1392
 3078.07	  1393
 3078.17	  1395
 3078.27	  1398
 3078.37	  1398
 3078.47	  1399
 3078.57	  1400
 3078.67	  1402
 3078.77	  1403
 3078.87	  1404
 3078.97	  1406
 3079.08	  1407
 3079.18	  1414
 3079.28	  1410
 3079.38	  1412
 3079.48	  1414
 3079.58	  1415
 3079.68	  1418
 3079.78	  1418
 3079.88	  1420
 3079.98	  1421
 3080.08	  1422
 3080.18	  1422
 3080.28	  1423
 3080.38	  1425
 3080.48	  1425
 3080.58	  1428
 3080.68	  1427
 3080.78	  1429
 3080.88	  1430
 3080.98	  1431
 3081.08	  1433
 3081.18	  1433
 3081.28	  1433
 3081.38	  1434
 3081.48	  1436
 3081.58	  1435
 3081.68	  1437
 3081.78	  1438
 3081.88	  1438
 3081.98	  1440
 3082.08	  1440
 3082.18	  1442
 3082.28	  1443
 3082.38	  1444
 3082.48	  1448
 3082.58	  1446
 3082.68	  1448
 3082.78	  1449
 3082.88	  1450
 3082.98	  1448
 3083.08	  1452
 3083.18	  1455
 3083.28	  1455
 3083.38	  1457
 3083.48	  1456
 3083.58	  1459
 3083.68	  1460
 3083.78	  1461
 3083.88	  1462
 3083.98	  1462
 3084.08	  1465
 3084.18	  1466
 3084.28	  1467
 3084.38	  1467
 3084.48	  1469
 3084.58	  1470
 3084.68	  1471
 3084.78	  1472
 3084.88	  1470
 3084.98	  1474
 3085.08	  1475
 3085.18	  1476
 3085.28	  1477
 3085.38	  1478
 3085.48	  1480
 3085.58	  1481
 3085.68	  1482
 3085.78	  1484
 3085.88	  1484
 3085.98	  1485
 3086.08	  1486
 3086.18	  1487
 3086.28	  1484
 3086.38	  1489
 3086.48	  1488
 3086.58	  1490
 3086.68	  1490
 3086.78	  1491
 3086.88	  1493
 3086.98	  1493
 3087.09	  1494
 3087.19	  1495
 3087.29	  1498
 3087.39	  1497
 3087.49	  1498
 3087.59	  1499
 3087.69	  1499
 3087.79	  1502
 3087.89	  1502
 3087.99	  1503
 3088.09	  1504
 3088.19	  1504
 3088.29	  1506
 3088.39	  1505
 3088.49	  1505
 3088.59	  1507
 3088.69	  1509
 3088.79	  1508
 3088.89	  1510
 3088.99	  1510
 3089.09	  1511
 3089.19	  1514
 3089.29	  1513
 3089.39	  1514
 3089.49	  1514
 3089.59	  1513
 3089.69	  1516
 3089.79	  1515
 3089.89	  1517
 3089.99	  1518
 3090.09	  1522
 3090.19	  1518
 3090.29	  1518
 3090.39	  1519
 3090.49	  1521
 3090.59	  1523
 3090.69	  1522
 3090.79	  1523
 3090.89	  1523
 3090.99	  1524
 3091.09	  1525
 3091.19	  1525
 3091.29	  1526
 3091.39	  1525
 3091.49	  1527
 3091.59	  1526
 3091.69	  1528
 3091.79	  1528
 3091.89	  1529
 3091.99	  1534
 3092.09	  1530
 3092.19	  1532
 3092.29	  1532
 3092.39	  1533
 3092.49	  1533
 3092.59	  1533
 3092.69	  1534
 3092.79	  1535
 3092.89	  1536
 3092.99	  1537
 3093.09	  1539
 3093.19	  1539
 3093.29	  1540
 3093.39	  1544
 3093.49	  1541
 3093.59	  1543
 3093.69	  1544
 3093.79	  1545
 3093.89	  1544
 3093.99	  1546
 3094.09	  1547
 3094.19	  1547
 3094.29	  1547
 3094.39	  1546
 3094.49	  1548
 3094.59	  1549
 3094.69	  1550
 3094.79	  1552
 3094.89	  1551
 3094.99	  1553
  3095.1	  1554
  3095.2	  1554
  3095.3	  1556
  3095.4	  1556
  3095.5	  1556
  3095.6	  1556
  3095.7	  1557
  3095.8	  1553
  3095.9	  1557
  3096.0	  1558
  3096.1	  1559
  3096.2	  1559
  3096.3	  1559
  3096.4	  1561
  3096.5	  1562
  3096.6	  1563
  3096.7	  1563
  3096.8	  1564
  3096.9	  1565
  3097.0	  1565
  3097.1	  1566
  3097.2	  1563
  3097.3	  1568
  3097.4	  1568
  3097.5	  1568
  3097.6	  1568
  3097.7	  1566
  3097.8	  1570
  3097.9	  1570
  3098.0	  1571
  3098.1	  1571
  3098.2	  1573
  3098.3	  1573
  3098.4	  1574
  3098.5	  1575
  3098.6	  1575
  3098.7	  1577
  3098.8	  1578
  3098.9	  1578
  3099.0	  1579
  3099.1	  1577
  3099.2	  1580
  3099.3	  1581
  3099.4	  1582
  3099.5	  1582
  3099.6	  1584
  3099.7	  1584
  3099.8	  1584
  3099.9	  1585
  3100.0	  1585
  3100.1	  1588
  3100.2	  1587
  3100.3	  1587
  3100.4	  1588
  3100.5	  1587
  3100.6	  1590
  3100.7	  1590
  3100.8	  1591
  3100.9	  1592
  3101.0	  1595
  3101.1	  1593
  3101.2	  1594
  3101.3	  1594
  3101.4	  1595
  3101.5	  1598
  3101.6	  1597
  3101.7	  1597
  3101.8	  1598
  3101.9	  1599
  3102.0	  1601
  3102.1	  1600
  3102.2	  1601
  3102.3	  1602
  3102.4	  1601
  3102.5	  1603
  3102.6	  1604
  3102.7	  1605
  3102.8	  1606
  3102.9	  1612
 3103.01	  1607
 3103.11	  1608
 3103.21	  1608
 3103.31	  1610
 3103.41	  1611
 3103.51	  1610
 3103.61	  1612
 3103.71	  1613
 3103.81	  1613
 3103.91	  1614
 3104.01	  1615
 3104.11	  1615
 3104.21	  1616
 3104.31	  1618
 3104.41	  1616
 3104.51	  1619
 3104.61	  1620
 3104.71	  1622
 3104.81	  1624
 3104.91	  1624
 3105.01	  1626
 3105.11	  1627
 3105.21	  1628
 3105.31	  1628
 3105.41	  1630
 3105.51	  1632
 3105.61	  1633
 3105.71	  1634
 3105.81	  1633
 3105.91	  1636
 3106.01	  1636
 3106.11	  1637
 3106.21	  1640
 3106.31	  1638
 3106.41	  1641
 3106.51	  1642
 3106.61	  1643
 3106.71	  1641
 3106.81	  1645
 3106.91	  1646
 3107.01	  1647
 3107.11	  1648
 3107.21	  1648
 3107.31	  1652
 3107.41	  1653
 3107.51	  1654
 3107.61	  1655
 3107.71	  1655
 3107.81	  1658
 3107.91	  1659
 3108.01	  1660
 3108.11	  1660
 3108.21	  1662
 3108.31	  1663
 3108.41	  1665
 3108.51	  1665
 3108.61	  1662
 3108.71	  1667
 3108.81	  1668
 3108.91	  1669
 3109.01	  1671
 3109.11	  1672
 3109.21	  1674
 3109.31	  1675
 3109.41	  1677
 3109.51	  1679
 3109.61	  1680
 3109.71	  1682
 3109.81	  1684
 3109.91	  1685
 3110.01	  1683
 3110.11	  1689
 3110.21	  1689
 3110.31	  1690
 3110.41	  1692
 3110.51	  1692
 3110.61	  1695
 3110.71	  1697
 3110.81	  1699
 3110.91	  1701
 3111.02	  1704
 3111.12	  1705
 3111.22	  1706
 3111.32	  1708
 3111.42	  1709
 3111.52	  1713
 3111.62	  1713
 3111.72	  1715
 3111.82	  1718
 3111.92	  1720
 3112.02	  1724
 3112.12	  1725
 3112.22	  1727
 3112.32	  1729
 3112.42	  1732
 3112.52	  1732
 3112.62	  1734
 3112.72	  1737
 3112.82	  1739
 3112.92	  1743
 3113.02	  1743
 3113.12	  1745
 3113.22	  1748
 3113.32	  1748
 3113.42	  1752
 3113.52	  1754
 3113.62	  1756
 3113.72	  1758
 3113.82	  1765
 3113.92	  1763
 3114.02	  1765
 3114.12	  1768
 3114.22	  1771
 3114.32	  1775
 3114.42	  1775
 3114.52	  1778
 3114.62	  1781
 3114.72	  1783
 3114.82	  1786
 3114.92	  1788
 3115.02	  1789
 3115.12	  1792
 3115.22	  1796
 3115.32	  1798
 3115.42	  1802
 3115.52	  1806
 3115.62	  1809
 3115.72	  1816
 3115.82	  1815
 3115.92	  1818
 3116.02	  1822
 3116.12	  1826
 3116.22	  1829
 3116.32	  1832
 3116.42	  1836
 3116.52	  1839
 3116.62	  1843
 3116.72	  1844
 3116.82	  1849
 3116.92	  1853
 3117.02	  1856
 3117.12	  1862
 3117.22	  1861
 3117.32	  1866
 3117.42	  1870
 3117.52	  1874
 3117.62	  1876
 3117.72	  1881
 3117.82	  1884
 3117.92	  1888
 3118.02	  1892
 3118.12	  1894
 3118.22	  1900
 3118.32	  1905
 3118.42	  1909
 3118.52	  1912
 3118.62	  1916
 3118.72	  1923
 3118.82	  1928
 3118.92	  1932
 3119.03	  1938
 3119.13	  1941
 3119.23	  1947
 3119.33	  1951
 3119.43	  1956
 3119.53	  1957
 3119.63	  1966
 3119.73	  1970
 3119.83	  1975
 3119.93	  1980
 3120.03	  1984
 3120.13	  1991
 3120.23	  1997
 3120.33	  2002
 3120.43	  2007
 3120.53	  2012
 3120.63	  2019
 3120.73	  2024
 3120.83	  2030
 3120.93	  2033
 3121.03	  2043
 3121.13	  2048
 3121.23	  2054
 3121.33	  2059
 3121.43	  2063
 3121.53	  2071
 3121.63	  2077
 3121.73	  2084
 3121.83	  2090
 3121.93	  2096
 3122.03	  2103
 3122.13	  2108
 3122.23	  2114
 3122.33	  2120
 3122.43	  2127
 3122.53	  2133
 3122.63	  2140
 3122.73	  2146
 3122.83	  2150
 3122.93	  2161
 3123.03	  2167
 3123.13	  2175
 3123.23	  2181
 3123.33	  2189
 3123.43	  2196
 3123.53	  2203
 3123.63	  2210
 3123.73	  2218
 3123.83	  2227
 3123.93	  2232
 3124.03	  2239
 3124.13	  2247
 3124.23	  2254
 3124.33	  2264
 3124.43	  2272
 3124.53	  2280
 3124.63	  2288
 3124.73	  2299
 3124.83	  2306
 3124.93	  2313
 3125.03	  2321
 3125.13	  2330
 3125.23	  2342
 3125.33	  2348
 3125.43	  2357
 3125.53	  2367
 3125.63	  2376
 3125.73	  2386
 3125.83	  2393
 3125.93	  2403
 3126.03	  2411
 3126.13	  2419
 3126.23	  2429
 3126.33	  2438
 3126.43	  2447
 3126.53	  2457
 3126.63	  2470
 3126.73	  2475
 3126.83	  2485
 3126.93	  2494
 3127.04	  2503
 3127.14	  2514
 3127.24	  2521
 3127.34	  2531
 3127.44	  2540
 3127.54	  2549
 3127.64	  2558
 3127.74	  2567
 3127.84	  2577
 3127.94	  2586
 3128.04	  2598
 3128.14	  2606
 3128.24	  2618
 3128.34	  2627
 3128.44	  2637
 3128.54	  2649
 3128.64	  2656
 3128.74	  2665
 3128.84	  2675
 3128.94	  2684
 3129.04	  2693
 3129.14	  2703
 3129.24	  2714
 3129.34	  2723
 3129.44	  2732
 3129.54	  2740
 3129.64	  2751
 3129.74	  2760
 3129.84	  2770
 3129.94	  2784
 3130.04	  2789
 3130.14	  2800
 3130.24	  2811
 3130.34	  2821
 3130.44	  2828
 3130.54	  2841
 3130.64	  2850
 3130.74	  2858
 3130.84	  2867
 3130.94	  2873
 3131.04	  2883
 3131.14	  2891
 3131.24	  2900
 3131.34	  2907
 3131.44	  2914
 3131.54	  2923
 3131.64	  2931
 3131.74	  2938
 3131.84	  2946
 3131.94	  2955
 3132.04	  2962
 3132.14	  2968
 3132.24	  2975
 3132.34	  2978
 3132.44	  2990
 3132.54	  2996
 3132.64	  3003
 3132.74	  3010
 3132.84	  3016
 3132.94	  3023
 3133.04	  3030
 3133.14	  3035
 3133.24	  3041
 3133.34	  3046
 3133.44	  3050
 3133.54	  3054
 3133.64	  3059
 3133.74	  3059
 3133.84	  3067
 3133.94	  3069
 3134.04	  3073
 3134.14	  3076
 3134.24	  3077
 3134.34	  3081
 3134.44	  3085
 3134.54	  3086
 3134.64	  3088
 3134.74	  3093
 3134.84	  3092
 3134.94	  3092
 3135.05	  3094
 3135.15	  3092
 3135.25	  3093
 3135.35	  3092
 3135.45	  3091
 3135.55	  3090
 3135.65	  3088
 3135.75	  3088
 3135.85	  3086
 3135.95	  3084
 3136.05	  3083
 3136.15	  3082
 3136.25	  3076
 3136.35	  3072
 3136.45	  3068
 3136.55	  3063
 3136.65	  3060
 3136.75	  3055
 3136.85	  3049
 3136.95	  3044
 3137.05	  3035
 3137.15	  3031
 3137.25	  3024
 3137.35	  3017
 3137.45	  3009
 3137.55	  3005
 3137.65	  2992
 3137.75	  2985
 3137.85	  2976
 3137.95	  2968
 3138.05	  2961
 3138.15	  2951
 3138.25	  2940
 3138.35	  2931
 3138.45	  2920
 3138.55	  2910
 3138.65	  2897
 3138.75	  2886
 3138.85	  2874
 3138.95	  2862
 3139.05	  2848
 3139.15	  2835
 3139.25	  2823
 3139.35	  2809
 3139.45	  2799
 3139.55	  2780
 3139.65	  2764
 3139.75	  2750
 3139.85	  2735
 3139.95	  2719
 3140.05	  2703
 3140.15	  2688
 3140.25	  2671
 3140.35	  2656
 3140.45	  2639
 3140.55	  2623
 3140.65	  2607
 3140.75	  2590
 3140.85	  2577
 3140.95	  2557
 3141.05	  2542
 3141.15	  2526
 3141.25	  2509
 3141.35	  2492
 3141.45	  2474
 3141.55	  2458
 3141.65	  2440
 3141.75	  2423
 3141.85	  2403
 3141.95	  2386
 3142.05	  2369
 3142.15	  2350
 3142.25	  2331
 3142.35	  2311
 3142.45	  2294
 3142.55	  2275
 3142.65	  2256
 3142.75	  2239
 3142.85	  2218
 3142.95	  2200
 3143.06	  2181
 3143.16	  2162
 3143.26	  2139
 3143.36	  2123
 3143.46	  2104
 3143.56	  2085
 3143.66	  2066
 3143.76	  2046
 3143.86	  2029
 3143.96	  2010
 3144.06	  1990
 3144.16	  1972
 3144.26	  1952
 3144.36	  1935
 3144.46	  1916
 3144.56	  1897
 3144.66	  1877
 3144.76	  1862
 3144.86	  1844
 3144.96	  1827
 3145.06	  1810
 3145.16	  1789
 3145.26	  1777
 3145.36	  1761
 3145.46	  1745
 3145.56	  1730
 3145.66	  1715
 3145.76	  1700
 3145.86	  1683
 3145.96	  1668
 3146.06	  1652
 3146.16	  1637
 3146.26	  1621
 3146.36	  1607
 3146.46	  1592
 3146.56	  1575
 3146.66	  1564
 3146.76	  1548
 3146.86	  1534
 3146.96	  1521
 3147.06	  1507
 3147.16	  1494
 3147.26	  1481
 3147.36	  1468
 3147.46	  1455
 3147.56	  1444
 3147.66	  1430
 3147.76	  1417
 3147.86	  1405
 3147.96	  1391
 3148.06	  1383
 3148.16	  1370
 3148.26	  1359
 3148.36	  1349
 3148.46	  1339
 3148.56	  1328
 3148.66	  1318
 3148.76	  1308
 3148.86	  1298
 3148.96	  1291
 3149.06	  1279
 3149.16	  1270
 3149.26	  1262
 3149.36	  1254
 3149.46	  1247
 3149.56	  1237
 3149.66	  1229
 3149.76	  1222
 3149.86	  1214
 3149.96	  1209
 3150.06	  1202
 3150.16	  1196
 3150.26	  1190
 3150.36	  1190
 3150.46	  1178
 3150.56	  1172
 3150.66	  1166
 3150.76	  1160
 3150.86	  1156
 3150.96	  1149
 3151.07	  1144
 3151.17	  1139
 3151.27	  1135
 3151.37	  1131
 3151.47	  1128
 3151.57	  1123
 3151.67	  1119
 3151.77	  1117
 3151.87	  1112
 3151.97	  1109
 3152.07	  1105
 3152.17	  1102
 3152.27	  1101
 3152.37	  1095
 3152.47	  1092
 3152.57	  1089
 3152.67	  1085
 3152.77	  1082
 3152.87	  1080
 3152.97	  1079
 3153.07	  1077
 3153.17	  1075
 3153.27	  1072
 3153.37	  1072
 3153.47	  1070
 3153.57	  1070
 3153.67	  1070
 3153.77	  1065
 3153.87	  1065
 3153.97	  1064
 3154.07	  1063
 3154.17	  1059
 3154.27	  1061
 3154.37	  1060
 3154.47	  1060
 3154.57	  1060
 3154.67	  1057
 3154.77	  1058
 3154.87	  1059
 3154.97	  1058
 3155.07	  1059
 3155.17	  1058
 3155.27	  1059
 3155.37	  1059
 3155.47	  1060
 3155.57	  1060
 3155.67	  1060
 3155.77	  1060
 3155.87	  1060
 3155.97	  1061
 3156.07	  1058
 3156.17	  1063
 3156.27	  1065
 3156.37	  1066
 3156.47	  1068
 3156.57	  1068
 3156.67	  1070
 3156.77	  1071
 3156.87	  1073
 3156.97	  1074
 3157.07	  1076
 3157.17	  1077
 3157.27	  1078
 3157.37	  1079
 3157.47	  1077
 3157.57	  1082
 3157.67	  1083
 3157.77	  1084
 3157.87	  1085
 3157.97	  1085
 3158.07	  1089
 3158.17	  1091
 3158.27	  1093
 3158.37	  1094
 3158.47	  1097
 3158.57	  1098
 3158.67	  1099
 3158.77	  1101
 3158.87	  1102
 3158.97	  1106
 3159.08	  1107
 3159.18	  1109
 3159.28	  1111
 3159.38	  1111
 3159.48	  1116
 3159.58	  1116
 3159.68	  1119
 3159.78	  1121
 3159.88	  1125
 3159.98	  1126
 3160.08	  1127
 3160.18	  1129
 3160.28	  1131
 3160.38	  1134
 3160.48	  1134
 3160.58	  1135
 3160.68	  1137
 3160.78	  1138
 3160.88	  1143
 3160.98	  1145
 3161.08	  1147
 3161.18	  1149
 3161.28	  1154
 3161.38	  1154
 3161.48	  1156
 3161.58	  1158
 3161.68	  1160
 3161.78	  1164
 3161.88	  1163
 3161.98	  1166
 3162.08	  1168
 3162.18	  1171
 3162.28	  1175
 3162.38	  1175
 3162.48	  1178
 3162.58	  1180
 3162.68	  1181
 3162.78	  1184
 3162.88	  1187
 3162.98	  1189
 3163.08	  1192
 3163.18	  1199
 3163.28	  1196
 3163.38	  1199
 3163.48	  1201
 3163.58	  1203
 3163.68	  1206
 3163.78	  1207
 3163.88	  1209
 3163.98	  1212
 3164.08	  1214
 3164.18	  1216
 3164.28	  1219
 3164.38	  1221
 3164.48	  1224
 3164.58	  1228
 3164.68	  1226
 3164.78	  1230
 3164.88	  1231
 3164.98	  1234
 3165.08	  1237
 3165.18	  1237
 3165.28	  1239
 3165.38	  1242
 3165.48	  1244
 3165.58	  1245
 3165.68	  1248
 3165.78	  1251
 3165.88	  1253
 3165.98	  1255
 3166.08	  1256
 3166.18	  1260
 3166.28	  1261
 3166.38	  1263
 3166.48	  1268
 3166.58	  1267
 3166.68	  1269
 3166.78	  1271
 3166.88	  1274
 3166.98	  1272
 3167.09	  1278
 3167.19	  1280
 3167.29	  1282
 3167.39	  1284
 3167.49	  1284
 3167.59	  1288
 3167.69	  1289
 3167.79	  1291
 3167.89	  1292
 3167.99	  1293
 3168.09	  1296
 3168.19	  1298
 3168.29	  1299
 3168.39	  1299
 3168.49	  1304
 3168.59	  1305
 3168.69	  1307
 3168.79	  1310
 3168.89	  1307
 3168.99	  1313
 3169.09	  1314
 3169.19	  1316
 3169.29	  1318
 3169.39	  1320
 3169.49	  1322
 3169.59	  1323
 3169.69	  1326
 3169.79	  1328
 3169.89	  1330
 3169.99	  1331
 3170.09	  1333
 3170.19	  1335
 3170.29	  1333
 3170.39	  1340
 3170.49	  1341
 3170.59	  1343
 3170.69	  1344
 3170.79	  1345
 3170.89	  1347
 3170.99	  1348
 3171.09	  1349
 3171.19	  1351
 3171.29	  1354
 3171.39	  1355
 3171.49	  1356
 3171.59	  1358
 3171.69	  1359
 3171.79	  1363
 3171.89	  1364
 3171.99	  1366
 3172.09	  1368
 3172.19	  1370
 3172.29	  1371
 3172.39	  1373
 3172.49	  1375
 3172.59	  1377
 3172.69	  1381
 3172.79	  1381
 3172.89	  1382
 3172.99	  1383
 3173.09	  1384
 3173.19	  1387
 3173.29	  1386
 3173.39	  1387
 3173.49	  1388
 3173.59	  1388
 3173.69	  1391
 3173.79	  1391
 3173.89	  1393
 3173.99	  1394
 3174.09	  1401
 3174.19	  1398
 3174.29	  1399
 3174.39	  1401
 3174.49	  1403
 3174.59	  1406
 3174.69	  1406
 3174.79	  1407
 3174.89	  1409
 3174.99	  1410
  3175.1	  1412
  3175.2	  1412
  3175.3	  1414
  3175.4	  1414
  3175.5	  1416
  3175.6	  1417
  3175.7	  1419
  3175.8	  1420
  3175.9	  1421
  3176.0	  1426
  3176.1	  1423
  3176.2	  1424
  3176.3	  1425
  3176.4	  1426
  3176.5	  1427
  3176.6	  1427
  3176.7	  1429
  3176.8	  1430
  3176.9	  1432
  3177.0	  1432
  3177.1	  1434
  3177.2	  1436
  3177.3	  1437
  3177.4	  1441
  3177.5	  1438
  3177.6	  1441
  3177.7	  1441
  3177.8	  1443
  3177.9	  1442
  3178.0	  1445
  3178.1	  1447
  3178.2	  1447
  3178.3	  1448
  3178.4	  1448
  3178.5	  1451
  3178.6	  1452
  3178.7	  1453
  3178.8	  1453
  3178.9	  1453
  3179.0	  1457
  3179.1	  1457
  3179.2	  1458
  3179.3	  1460
  3179.4	  1458
  3179.5	  1460
  3179.6	  1461
  3179.7	  1463
  3179.8	  1460
  3179.9	  1464
  3180.0	  1465
  3180.1	  1466
  3180.2	  1466
  3180.3	  1465
  3180.4	  1468
  3180.5	  1468
  3180.6	  1468
  3180.7	  1469
  3180.8	  1469
  3180.9	  1471
  3181.0	  1472
  3181.1	  1472
  3181.2	  1471
  3181.3	  1475
  3181.4	  1475
  3181.5	  1477
  3181.6	  1477
  3181.7	  1475
  3181.8	  1480
  3181.9	  1481
  3182.0	  1482
  3182.1	  1484
  3182.2	  1484
  3182.3	  1485
  3182.4	  1485
  3182.5	  1486
  3182.6	  1487
  3182.7	  1488
  3182.8	  1488
  3182.9	  1489
 3183.01	  1489
 3183.11	  1487
 3183.21	  1493
 3183.31	  1492
 3183.41	  1493
 3183.51	  1494
 3183.61	  1495
 3183.71	  1495
 3183.81	  1495
 3183.91	  1495
 3184.01	  1496
 3184.11	  1499
 3184.21	  1498
 3184.31	  1499
 3184.41	  1500
 3184.51	  1499
 3184.61	  1502
 3184.71	  1501
 3184.81	  1503
 3184.91	  1504
 3185.01	  1506
 3185.11	  1506
 3185.21	  1507
 3185.31	  1507
 3185.41	  1508
 3185.51	  1511
 3185.61	  1509
 3185.71	  1508
 3185.81	  1509
 3185.91	  1509
 3186.01	  1512
 3186.11	  1511
 3186.21	  1512
 3186.31	  1513
 3186.41	  1512
 3186.51	  1515
 3186.61	  1516
 3186.71	  1517
 3186.81	  1517
 3186.91	  1523
 3187.01	  1518
 3187.11	  1519
 3187.21	  1520
 3187.31	  1520
 3187.41	  1521
 3187.51	  1520
 3187.61	  1521
 3187.71	  1522
 3187.81	  1523
 3187.91	  1524
 3188.01	  1524
 3188.11	  1525
 3188.21	  1525
 3188.31	  1527
 3188.41	  1525
 3188.51	  1526
 3188.61	  1527
 3188.71	  1528
 3188.81	  1532
 3188.91	  1529
 3189.01	  1530
 3189.11	  1531
 3189.21	  1531
 3189.31	  1531
 3189.41	  1531
 3189.51	  1532
 3189.61	  1532
 3189.71	  1533
 3189.81	  1533
 3189.91	  1534
 3190.01	  1535
 3190.11	  1536
 3190.21	  1539
 3190.31	  1536
 3190.41	  1538
 3190.51	  1539
 3190.61	  1540
 3190.71	  1539
 3190.81	  1542
 3190.91	  1542
 3191.02	  1543
 3191.12	  1543
 3191.22	  1541
 3191.32	  1544
 3191.42	  1545
 3191.52	  1545
 3191.62	  1544
 3191.72	  1545
 3191.82	  1546
 3191.92	  1546
 3192.02	  1546
 3192.12	  1547
 3192.22	  1547
 3192.32	  1548
 3192.42	  1548
 3192.52	  1549
 3192.62	  1545
 3192.72	  1550
 3192.82	  1550
 3192.92	  1551
 3193.02	  1551
 3193.12	  1552
 3193.22	  1553
 3193.32	  1554
 3193.42	  1554
 3193.52	  1554
 3193.62	  1554
 3193.72	  1556
 3193.82	  1555
 3193.92	  1556
 3194.02	  1553
 3194.12	  1558
 3194.22	  1558
 3194.32	  1559
 3194.42	  1560
 3194.52	  1558
 3194.62	  1560
 3194.72	  1561
 3194.82	  1561
 3194.92	  1561
 3195.02	  1563
 3195.12	  1563
 3195.22	  1563
 3195.32	  1564
 3195.42	  1565
 3195.52	  1566
 3195.62	  1566
 3195.72	  1568
 3195.82	  1568
 3195.92	  1567
 3196.02	  1570
 3196.12	  1570
 3196.22	  1571
 3196.32	  1572
 3196.42	  1573
 3196.52	  1573
 3196.62	  1573
 3196.72	  1573
 3196.82	  1573
 3196.92	  1575
 3197.02	  1573
 3197.12	  1574
 3197.22	  1575
 3197.32	  1574
 3197.42	  1577
 3197.52	  1577
 3197.62	  1577
 3197.72	  1578
 3197.82	  1580
 3197.92	  1579
 3198.02	  1578
 3198.12	  1578
 3198.22	  1579
 3198.32	  1581
 3198.42	  1579
 3198.52	  1580
 3198.62	  1580
 3198.72	  1581
 3198.82	  1584
 3198.92	  1582
 3199.03	  1584
 3199.13	  1585
 3199.23	  1584
 3199.33	  1587
 3199.43	  1588
 3199.53	  1590
 3199.63	  1591
 3199.73	  1597
 3199.83	  1592
 3199.93	  1593
 3200.03	  1593
 3200.13	  1593
 3200.23	  1594
 3200.33	  1592
 3200.43	  1593
 3200.53	  1595
 3200.63	  1595
 3200.73	  1595
 3200.83	  1596
 3200.93	  1597
 3201.03	  1598
 3201.13	  1600
 3201.23	  1598
 3201.33	  1600
 3201.43	  1601
 3201.53	  1602
 3201.63	  1605
 3201.73	  1603
 3201.83	  1604
 3201.93	  1605
 3202.03	  1605
 3202.13	  1605
 3202.23	  1606
 3202.33	  1607
 3202.43	  1608
 3202.53	  1609
 3202.63	  1608
 3202.73	  1611
 3202.83	  1611
 3202.93	  1612
 3203.03	  1616
 3203.13	  1613
 3203.23	  1615
 3203.33	  1616
 3203.43	  1616
 3203.53	  1615
 3203.63	  1619
 3203.73	  1619
 3203.83	  1620
 3203.93	  1621
 3204.03	  1620
 3204.13	  1623
 3204.23	  1624
 3204.33	  1625
 3204.43	  1626
 3204.53	  1626
 3204.63	  1628
 3204.73	  1629
 3204.83	  1630
 3204.93	  1631
 3205.03	  1632
 3205.13	  1633
 3205.23	  1634
 3205.33	  1635
 3205.43	  1631
 3205.53	  1637
 3205.63	  1638
 3205.73	  1639
 3205.83	  1640
 3205.93	  1640
 3206.03	  1643
 3206.13	  1644
 3206.23	  1645
 3206.33	  1646
 3206.43	  1648
 3206.53	  1648
 3206.63	  1649
 3206.73	  1650
 3206.83	  1648
 3206.93	  1653
 3207.04	  1654
 3207.14	  1655
 3207.24	  1657
 3207.34	  1656
 3207.44	  1659
 3207.54	  1661
 3207.64	  1662
 3207.74	  1663
 3207.84	  1665
 3207.94	  1665
 3208.04	  1666
 3208.14	  1668
 3208.24	  1669
 3208.34	  1672
 3208.44	  1672
 3208.54	  1674
 3208.64	  1675
 3208.74	  1675
 3208.84	  1679
 3208.94	  1680
 3209.04	  1682
 3209.14	  1684
 3209.24	  1687
 3209.34	  1687
 3209.44	  1689
 3209.54	  1690
 3209.64	  1692
 3209.74	  1697
 3209.84	  1697
 3209.94	  1698
 3210.04	  1700
 3210.14	  1700
 3210.24	  1704
 3210.34	  1705
 3210.44	  1707
 3210.54	  1708
 3210.64	  1713
 3210.74	  1712
 3210.84	  1715
 3210.94	  1717
 3211.04	  1719
 3211.14	  1723
 3211.24	  1723
 3211.34	  1726
 3211.44	  1728
 3211.54	  1731
 3211.64	  1734
 3211.74	  1734
 3211.84	  1737
 3211.94	  1739
 3212.04	  1740
 3212.14	  1744
 3212.24	  1746
 3212.34	  1749
 3212.44	  1752
 3212.54	  1759
 3212.64	  1757
 3212.74	  1760
 3212.84	  1763
 3212.94	  1765
 3213.04	  1768
 3213.14	  1769
 3213.24	  1773
 3213.34	  1775
 3213.44	  1778
 3213.54	  1780
 3213.64	  1784
 3213.74	  1787
 3213.84	  1790
 3213.94	  1795
 3214.04	  1795
 3214.14	  1800
 3214.24	  1803
 3214.34	  1807
 3214.44	  1812
 3214.54	  1813
 3214.64	  1816
 3214.74	  1819
 3214.84	  1822
 3214.94	  1825
 3215.05	  1829
 3215.15	  1833
 3215.25	  1836
 3215.35	  1840
 3215.45	  1842
 3215.55	  1848
 3215.65	  1852
 3215.75	  1856
 3215.85	  1862
 3215.95	  1864
 3216.05	  1869
 3216.15	  1873
 3216.25	  1877
 3216.35	  1880
 3216.45	  1886
 3216.55	  1891
 3216.65	  1896
 3216.75	  1900
 3216.85	  1903
 3216.95	  1909
 3217.05	  1914
 3217.15	  1918
 3217.25	  1923
 3217.35	  1926
 3217.45	  1933
 3217.55	  1939
 3217.65	  1944
 3217.75	  1948
 3217.85	  1955
 3217.95	  1960
 3218.05	  1966
 3218.15	  1971
 3218.25	  1972
 3218.35	  1982
 3218.45	  1987
 3218.55	  1993
 3218.65	  2000
 3218.75	  2005
 3218.85	  2012
 3218.95	  2018
 3219.05	  2024
 3219.15	  2031
 3219.25	  2038
 3219.35	  2045
 3219.45	  2051
 3219.55	  2058
 3219.65	  2061
 3219.75	  2072
 3219.85	  2077
 3219.95	  2084
 3220.05	  2091
 3220.15	  2096
 3220.25	  2105
 3220.35	  2113
 3220.45	  2120
 3220.55	  2127
 3220.65	  2136
 3220.75	  2143
 3220.85	  2151
 3220.95	  2159
 3221.05	  2167
 3221.15	  2177
 3221.25	  2184
 3221.35	  2193
 3221.45	  2201
 3221.55	  2208
 3221.65	  2219
 3221.75	  2228
 3221.85	  2236
 3221.95	  2245
 3222.05	  2256
 3222.15	  2264
 3222.25	  2273
 3222.35	  2283
 3222.45	  2292
 3222.55	  2304
 3222.65	  2312
 3222.75	  2322
 3222.85	  2332
 3222.95	  2341
 3223.06	  2354
 3223.16	  2364
 3223.26	  2375
 3223.36	  2384
 3223.46	  2399
 3223.56	  2406
 3223.66	  2417
 3223.76	  2428
 3223.86	  2439
 3223.96	  2453
 3224.06	  2462
 3224.16	  2472
 3224.26	  2484
 3224.36	  2495
 3224.46	  2507
 3224.56	  2519
 3224.66	  2531
 3224.76	  2543
 3224.86	  2556
 3224.96	  2568
 3225.06	  2580
 3225.16	  2593
 3225.26	  2605
 3225.36	  2622
 3225.46	  2629
 3225.56	  2642
 3225.66	  2655
 3225.76	  2667
 3225.86	  2680
 3225.96	  2692
 3226.06	  2706
 3226.16	  2720
 3226.26	  2733
 3226.36	  2746
 3226.46	  2758
 3226.56	  2771
 3226.66	  2782
 3226.76	  2796
 3226.86	  2806
 3226.96	  2820
 3227.06	  2834
 3227.16	  2848
 3227.26	  2862
 3227.36	  2874
 3227.46	  2887
 3227.56	  2899
 3227.66	  2912
 3227.76	  2925
 3227.86	  2939
 3227.96	  2953
 3228.06	  2965
 3228.16	  2977
 3228.26	  2988
 3228.36	  3003
 3228.46	  3015
 3228.56	  3029
 3228.66	  3043
 3228.76	  3052
 3228.86	  3065
 3228.96	  3077
 3229.06	  3087
 3229.16	  3095
 3229.26	  3110
 3229.36	  3120
 3229.46	  3132
 3229.56	  3142
 3229.66	  3151
 3229.76	  3161
 3229.86	  3170
 3229.96	  3181
 3230.06	  3191
 3230.16	  3200
 3230.26	  3211
 3230.36	  3220
 3230.46	  3230
 3230.56	  3238
 3230.66	  3248
 3230.76	  3258
 3230.86	  3266
 3230.96	  3274
 3231.07	  3278
 3231.17	  3289
 3231.27	  3295
 3231.37	  3303
 3231.47	  3308
 3231.57	  3313
 3231.67	  3320
 3231.77	  3323
 3231.87	  3328
 3231.97	  3333
 3232.07	  3335
 3232.17	  3339
 3232.27	  3341
 3232.37	  3344
 3232.47	  3342
 3232.57	  3349
 3232.67	  3349
 3232.77	  3350
 3232.87	  3352
 3232.97	  3351
 3233.07	  3354
 3233.17	  3351
 3233.27	  3350
 3233.37	  3349
 3233.47	  3348
 3233.57	  3342
 3233.67	  3339
 3233.77	  3335
 3233.87	  3332
 3233.97	  3329
 3234.07	  3322
 3234.17	  3317
 3234.27	  3310
 3234.37	  3302
 3234.47	  3296
 3234.57	  3287
 3234.67	  3278
 3234.77	  3271
 3234.87	  3261
 3234.97	  3250
 3235.07	  3239
 3235.17	  3227
 3235.27	  3216
 3235.37	  3206
 3235.47	  3190
 3235.57	  3177
 3235.67	  3164
 3235.77	  3147
 3235.87	  3135
 3235.97	  3119
 3236.07	  3104
 3236.17	  3088
 3236.27	  3074
 3236.37	  3052
 3236.47	  3035
 3236.57	  3015
 3236.67	  2997
 3236.77	  2981
 3236.87	  2960
 3236.97	  2941
 3237.07	  2922
 3237.17	  2901
 3237.27	  2883
 3237.37	  2860
 3237.47	  2840
 3237.57	  2817
 3237.67	  2796
 3237.77	  2774
 3237.87	  2752
 3237.97	  2729
 3238.07	  2706
 3238.17	  2689
 3238.27	  2660
 3238.37	  2637
 3238.47	  2613
 3238.57	  2589
 3238.67	  2566
 3238.77	  2542
 3238.87	  2518
 3238.97	  2494
 3239.08	  2469
 3239.18	  2444
 3239.28	  2420
 3239.38	  2395
 3239.48	  2371
 3239.58	  2349
 3239.68	  2322
 3239.78	  2298
 3239.88	  2274
 3239.98	  2249
 3240.08	  2226
 3240.18	  2201
 3240.28	  2177
 3240.38	  2153
 3240.48	  2128
 3240.58	  2103
 3240.68	  2079
 3240.78	  2055
 3240.88	  2030
 3240.98	  2006
 3241.08	  1980
 3241.18	  1959
 3241.28	  1935
 3241.38	  1912
 3241.48	  1890
 3241.58	  1865
 3241.68	  1842
 3241.78	  1819
 3241.88	  1796
 3241.98	  1770
 3242.08	  1751
 3242.18	  1730
 3242.28	  1709
 3242.38	  1688
 3242.48	  1665
 3242.58	  1647
 3242.68	  1627
 3242.78	  1607
 3242.88	  1588
 3242.98	  1569
 3243.08	  1551
 3243.18	  1533
 3243.28	  1516
 3243.38	  1497
 3243.48	  1482
 3243.58	  1465
 3243.68	  1447
 3243.78	  1431
 3243.88	  1411
 3243.98	  1398
 3244.08	  1383
 3244.18	  1368
 3244.28	  1352
 3244.38	  1337
 3244.48	  1323
 3244.58	  1309
 3244.68	  1296
 3244.78	  1282
 3244.88	  1269
 3244.98	  1257
 3245.08	  1244
 3245.18	  1231
 3245.28	  1216
 3245.38	  1209
 3245.48	  1197
 3245.58	  1186
 3245.68	  1174
 3245.78	  1162
 3245.88	  1153
 3245.98	  1144
 3246.08	  1134
 3246.18	  1124
 3246.28	  1116
 3246.38	  1105
 3246.48	  1096
 3246.58	  1088
 3246.68	  1080
 3246.78	  1074
 3246.88	  1066
 3246.98	  1059
 3247.09	  1052
 3247.19	  1045
 3247.29	  1040
 3247.39	  1035
 3247.49	  1030
 3247.59	  1024
 3247.69	  1019
 3247.79	  1013
 3247.89	  1008
 3247.99	  1004
 3248.09	  1001
 3248.19	   999
 3248.29	   993
 3248.39	   989
 3248.49	   985
 3248.59	   980
 3248.69	   980
 3248.79	   976
 3248.89	   973
 3248.99	   971
 3249.09	   972
 3249.19	   965
 3249.29	   963
 3249.39	   961
 3249.49	   959
 3249.59	   960
 3249.69	   957
 3249.79	   957
 3249.89	   956
 3249.99	   955
 3250.09	   955
 3250.19	   952
 3250.29	   952
 3250.39	   952
 3250.49	   951
 3250.59	   950
 3250.69	   950
 3250.79	   950
 3250.89	   950
 3250.99	   955
 3251.09	   951
 3251.19	   951
 3251.29	   952
 3251.39	   952
 3251.49	   954
 3251.59	   953
 3251.69	   955
 3251.79	   956
 3251.89	   957
 3251.99	   957
 3252.09	   960
 3252.19	   961
 3252.29	   962
 3252.39	   966
 3252.49	   964
 3252.59	   967
 3252.69	   969
 3252.79	   971
 3252.89	   974
 3252.99	   976
 3253.09	   977
 3253.19	   980
 3253.29	   981
 3253.39	   982
 3253.49	   985
 3253.59	   988
 3253.69	   990
 3253.79	   992
 3253.89	   993
 3253.99	   996
 3254.09	   999
 3254.19	  1002
 3254.29	  1007
 3254.39	  1006
 3254.49	  1010
 3254.59	  1013
 3254.69	  1017
 3254.79	  1016
 3254.89	  1024
 3254.99	  1026
  3255.1	  1029
  3255.2	  1032
  3255.3	  1032
  3255.4	  1037
  3255.5	  1040
  3255.6	  1042
  3255.7	  1045
  3255.8	  1047
  3255.9	  1052
  3256.0	  1054
  3256.1	  1057
  3256.2	  1058
  3256.3	  1061
  3256.4	  1064
  3256.5	  1066
  3256.6	  1069
  3256.7	  1068
  3256.8	  1075
  3256.9	  1078
  3257.0	  1081
  3257.1	  1084
  3257.2	  1087
  3257.3	  1091
  3257.4	  1094
  3257.5	  1097
  3257.6	  1100
  3257.7	  1104
  3257.8	  1106
  3257.9	  1109
  3258.0	  1113
  3258.1	  1112
  3258.2	  1120
  3258.3	  1121
  3258.4	  1123
  3258.5	  1126
  3258.6	  1128
  3258.7	  1131
  3258.8	  1134
  3258.9	  1137
  3259.0	  1139
  3259.1	  1143
  3259.2	  1144
  3259.3	  1147
  3259.4	  1150
  3259.5	  1152
  3259.6	  1157
  3259.7	  1159
  3259.8	  1161
  3259.9	  1164
  3260.0	  1166
  3260.1	  1169
  3260.2	  1171
  3260.3	  1174
  3260.4	  1177
  3260.5	  1181
  3260.6	  1182
  3260.7	  1184
  3260.8	  1187
  3260.9	  1190
  3261.0	  1195
  3261.1	  1196
  3261.2	  1199
  3261.3	  1202
  3261.4	  1203
  3261.5	  1207
  3261.6	  1209
  3261.7	  1211
  3261.8	  1214
  3261.9	  1220
  3262.0	  1218
  3262.1	  1221
  3262.2	  1224
  3262.3	  1227
  3262.4	  1231
  3262.5	  1232
  3262.6	  1234
  3262.7	  1236
  3262.8	  1239
  3262.9	  1242
 3263.01	  1243
 3263.11	  1246
 3263.21	  1247
 3263.31	  1248
 3263.41	  1250
 3263.51	  1252
 3263.61	  1254
 3263.71	  1256
 3263.81	  1262
 3263.91	  1260
 3264.01	  1263
 3264.11	  1265
 3264.21	  1268
 3264.31	  1271
 3264.41	  1273
 3264.51	  1276
 3264.61	  1278
 3264.71	  1280
 3264.81	  1283
 3264.91	  1285
 3265.01	  1287
 3265.11	  1289
 3265.21	  1293
 3265.31	  1291
 3265.41	  1295
 3265.51	  1297
 3265.61	  1300
 3265.71	  1303
 3265.81	  1304
 3265.91	  1306
 3266.01	  1308
 3266.11	  1310
 3266.21	  1310
 3266.31	  1313
 3266.41	  1315
 3266.51	  1317
 3266.61	  1318
 3266.71	  1319
 3266.81	  1323
 3266.91	  1324
 3267.01	  1326
 3267.11	  1330
 3267.21	  1329
 3267.31	  1331
 3267.41	  1333
 3267.51	  1334
 3267.61	  1332
 3267.71	  1338
 3267.81	  1339
 3267.91	  1341
 3268.01	  1343
 3268.11	  1343
 3268.21	  1346
 3268.31	  1347
 3268.41	  1349
 3268.51	  1351
 3268.61	  1351
 3268.71	  1354
 3268.81	  1356
 3268.91	  1358
 3269.01	  1358
 3269.11	  1362
 3269.21	  1363
 3269.31	  1365
 3269.41	  1367
 3269.51	  1365
 3269.61	  1371
 3269.71	  1372
 3269.81	  1375
 3269.91	  1377
 3270.01	  1378
 3270.11	  1380
 3270.21	  1381
 3270.31	  1382
 3270.41	  1383
 3270.51	  1384
 3270.61	  1385
 3270.71	  1386
 3270.81	  1387
 3270.91	  1385
 3271.02	  1391
 3271.12	  1392
 3271.22	  1394
 3271.32	  1396
 3271.42	  1396
 3271.52	  1399
 3271.62	  1400
 3271.72	  1401
 3271.82	  1403
 3271.92	  1406
 3272.02	  1405
 3272.12	  1406
 3272.22	  1407
 3272.32	  1407
 3272.42	  1410
 3272.52	  1411
 3272.62	  1412
 3272.72	  1413
 3272.82	  1414
 3272.92	  1417
 3273.02	  1419
 3273.12	  1420
 3273.22	  1421
 3273.32	  1424
 3273.42	  1423
 3273.52	  1424
 3273.62	  1425
 3273.72	  1426
 3273.82	  1429
 3273.92	  1427
 3274.02	  1428
 3274.12	  1430
 3274.22	  1428
 3274.32	  1432
 3274.42	  1432
 3274.52	  1433
 3274.62	  1434
 3274.72	  1440
 3274.82	  1437
 3274.92	  1438
 3275.02	  1440
 3275.12	  1440
 3275.22	  1444
 3275.32	  1442
 3275.42	  1443
 3275.52	  1444
 3275.62	  1446
 3275.72	  1448
 3275.82	  1447
 3275.92	  1449
 3276.02	  1449
 3276.12	  1450
 3276.22	  1450
 3276.32	  1452
 3276.42	  1453
 3276.52	  1454
 3276.62	  1460
 3276.72	  1457
 3276.82	  1458
 3276.92	  1459
 3277.02	  1460
 3277.12	  1462
 3277.22	  1462
 3277.32	  1463
 3277.42	  1465
 3277.52	  1465
 3277.62	  1465
 3277.72	  1467
 3277.82	  1468
 3277.92	  1468
 3278.02	  1471
 3278.12	  1469
 3278.22	  1470
 3278.32	  1471
 3278.42	  1473
 3278.52	  1473
 3278.62	  1473
 3278.72	  1474
 3278.82	  1475
 3278.92	  1476
 3279.03	  1476
 3279.13	  1478
 3279.23	  1479
 3279.33	  1479
 3279.43	  1480
 3279.53	  1479
 3279.63	  1481
 3279.73	  1482
 3279.83	  1484
 3279.93	  1487
 3280.03	  1484
 3280.13	  1487
 3280.23	  1487
 3280.33	  1488
 3280.43	  1485
 3280.53	  1489
 3280.63	  1489
 3280.73	  1490
 3280.83	  1490
 3280.93	  1489
 3281.03	  1492
 3281.13	  1493
 3281.23	  1494
 3281.33	  1494
 3281.43	  1494
 3281.53	  1496
 3281.63	  1496
 3281.73	  1497
 3281.83	  1497
 3281.93	  1499
 3282.03	  1500
 3282.13	  1500
 3282.23	  1501
 3282.33	  1498
 3282.43	  1502
 3282.53	  1502
 3282.63	  1502
 3282.73	  1502
 3282.83	  1503
 3282.93	  1505
 3283.03	  1505
 3283.13	  1506
 3283.23	  1508
 3283.33	  1508
 3283.43	  1508
 3283.53	  1509
 3283.63	  1510
 3283.73	  1507
 3283.83	  1512
 3283.93	  1511
 3284.03	  1512
 3284.13	  1513
 3284.23	  1513
 3284.33	  1515
 3284.43	  1515
 3284.53	  1515
 3284.63	  1517
 3284.73	  1518
 3284.83	  1517
 3284.93	  1518
 3285.03	  1517
 3285.13	  1517
 3285.23	  1519
 3285.33	  1518
 3285.43	  1519
 3285.53	  1519
 3285.63	  1518
 3285.73	  1520
 3285.83	  1520
 3285.93	  1521
 3286.03	  1522
 3286.13	  1525
 3286.23	  1524
 3286.33	  1525
 3286.43	  1525
 3286.53	  1525
 3286.63	  1528
 3286.73	  1526
 3286.83	  1527
 3286.93	  1528
 3287.04	  1527
 3287.14	  1530
 3287.24	  1530
 3287.34	  1530
 3287.44	  1531
 3287.54	  1535
 3287.64	  1532
 3287.74	  1532
 3287.84	  1532
 3287.94	  1533
 3288.04	  1537
 3288.14	  1534
 3288.24	  1535
 3288.34	  1536
 3288.44	  1536
 3288.54	  1538
 3288.64	  1537
 3288.74	  1537
 3288.84	  1537
 3288.94	  1537
 3289.04	  1538
 3289.14	  1539
 3289.24	  1539
 3289.34	  1540
 3289.44	  1545
 3289.54	  1540
 3289.64	  1540
 3289.74	  1542
 3289.84	  1542
 3289.94	  1543
 3290.04	  1543
 3290.14	  1544
 3290.24	  1544
 3290.34	  1544
 3290.44	  1544
 3290.54	  1544
 3290.64	  1545
 3290.74	  1546
 3290.84	  1549
 3290.94	  1547
 3291.04	  1549
 3291.14	  1549
 3291.24	  1550
 3291.34	  1552
 3291.44	  1552
 3291.54	  1551
 3291.64	  1551
 3291.74	  1552
 3291.84	  1550
 3291.94	  1552
 3292.04	  1553
 3292.14	  1554
 3292.24	  1554
 3292.34	  1553
 3292.44	  1555
 3292.54	  1555
 3292.64	  1556
 3292.74	  1558
 3292.84	  1555
 3292.94	  1556
 3293.04	  1556
 3293.14	  1557
 3293.24	  1554
 3293.34	  1557
 3293.44	  1558
 3293.54	  1558
 3293.64	  1559
 3293.74	  1558
 3293.84	  1559
 3293.94	  1560
 3294.04	  1561
 3294.14	  1561
 3294.24	  1560
 3294.34	  1562
 3294.44	  1562
 3294.54	  1563
 3294.64	  1562
 3294.74	  1564
 3294.84	  1565
 3294.94	  1564
 3295.05	  1565
 3295.15	  1561
 3295.25	  1566
 3295.35	  1567
 3295.45	  1567
 3295.55	  1568
 3295.65	  1568
 3295.75	  1569
 3295.85	  1569
 3295.95	  1569
 3296.05	  1569
 3296.15	  1570
 3296.25	  1571
 3296.35	  1571
 3296.45	  1571
 3296.55	  1569
 3296.65	  1574
 3296.75	  1574
 3296.85	  1574
 3296.95	  1575
 3297.05	  1573
 3297.15	  1576
 3297.25	  1576
 3297.35	  1576
 3297.45	  1576
 3297.55	  1578
 3297.65	  1577
 3297.75	  1577
 3297.85	  1578
 3297.95	  1579
 3298.05	  1580
 3298.15	  1580
 3298.25	  1581
 3298.35	  1581
 3298.45	  1580
 3298.55	  1582
 3298.65	  1581
 3298.75	  1582
 3298.85	  1582
 3298.95	  1584
 3299.05	  1583
 3299.15	  1584
 3299.25	  1585
 3299.35	  1586
 3299.45	  1588
 3299.55	  1588
 3299.65	  1589
 3299.75	  1589
 3299.85	  1588
 3299.95	  1591
 3300.05	  1590
 3300.15	  1591
 3300.25	  1591
 3300.35	  1594
 3300.45	  1592
 3300.55	  1592
 3300.65	  1593
 3300.75	  1594
 3300.85	  1598
 3300.95	  1596
 3301.05	  1596
 3301.15	  1597
 3301.25	  1597
 3301.35	  1600
 3301.45	  1599
 3301.55	  1601
 3301.65	  1602
 3301.75	  1601
 3301.85	  1602
 3301.95	  1603
 3302.05	  1603
 3302.15	  1604
 3302.25	  1609
 3302.35	  1604
 3302.45	  1605
 3302.55	  1605
 3302.65	  1606
 3302.75	  1607
 3302.85	  1607
 3302.95	  1608
 3303.06	  1609
 3303.16	  1608
 3303.26	  1609
 3303.36	  1610
 3303.46	  1611
 3303.56	  1612
 3303.66	  1614
 3303.76	  1613
 3303.86	  1615
 3303.96	  1616
 3304.06	  1617
 3304.16	  1620
 3304.26	  1618
 3304.36	  1619
 3304.46	  1619
 3304.56	  1620
 3304.66	  1620
 3304.76	  1621
 3304.86	  1622
 3304.96	  1623
 3305.06	  1624
 3305.16	  1624
 3305.26	  1626
 3305.36	  1627
 3305.46	  1627
 3305.56	  1631
 3305.66	  1628
 3305.76	  1630
 3305.86	  1631
 3305.96	  1632
 3306.06	  1631
 3306.16	  1634
 3306.26	  1635
 3306.36	  1636
 3306.46	  1638
 3306.56	  1636
 3306.66	  1640
 3306.76	  1641
 3306.86	  1641
 3306.96	  1642
 3307.06	  1642
 3307.16	  1644
 3307.26	  1644
 3307.36	  1646
 3307.46	  1647
 3307.56	  1648
 3307.66	  1650
 3307.76	  1651
 3307.86	  1652
 3307.96	  1649
 3308.06	  1654
 3308.16	  1656
 3308.26	  1657
 3308.36	  1658
 3308.46	  1658
 3308.56	  1661
 3308.66	  1662
 3308.76	  1664
 3308.86	  1665
 3308.96	  1666
 3309.06	  1668
 3309.16	  1669
 3309.26	  1671
 3309.36	  1670
 3309.46	  1676
 3309.56	  1676
 3309.66	  1678
 3309.76	  1680
 3309.86	  1679
 3309.96	  1682
 3310.06	  1683
 3310.16	  1685
 3310.26	  1687
 3310.36	  1689
 3310.46	  1690
 3310.56	  1691
 3310.66	  1693
 3310.76	  1695
 3310.86	  1698
 3310.96	  1699
 3311.07	  1702
 3311.17	  1704
 3311.27	  1703
 3311.37	  1709
 3311.47	  1710
 3311.57	  1714
 3311.67	  1716
 3311.77	  1719
 3311.87	  1722
 3311.97	  1723
 3312.07	  1725
 3312.17	  1727
 3312.27	  1731
 3312.37	  1732
 3312.47	  1735
 3312.57	  1737
 3312.67	  1738
 3312.77	  1743
 3312.87	  1745
 3312.97	  1747
 3313.07	  1749
 3313.17	  1752
 3313.27	  1754
 3313.37	  1756
 3313.47	  1759
 3313.57	  1763
 3313.67	  1768
 3313.77	  1770
 3313.87	  1773
 3313.97	  1776
 3314.07	  1778
 3314.17	  1783
 3314.27	  1784
 3314.37	  1787
 3314.47	  1791
 3314.57	  1792
 3314.67	  1797
 3314.77	  1799
 3314.87	  1802
 3314.97	  1806
 3315.07	  1813
 3315.17	  1811
 3315.27	  1815
 3315.37	  1819
 3315.47	  1822
 3315.57	  1828
 3315.67	  1830
 3315.77	  1835
 3315.87	  1839
 3315.97	  1843
 3316.07	  1848
 3316.17	  1852
 3316.27	  1856
 3316.37	  1861
 3316.47	  1865
 3316.57	  1868
 3316.67	  1874
 3316.77	  1877
 3316.87	  1882
 3316.97	  1890
 3317.07	  1890
 3317.17	  1895
 3317.27	  1899
 3317.37	  1904
 3317.47	  1908
 3317.57	  1913
 3317.67	  1919
 3317.77	  1924
 3317.87	  1930
 3317.97	  1935
 3318.07	  1941
 3318.17	  1946
 3318.27	  1951
 3318.37	  1960
 3318.47	  1962
 3318.57	  1969
 3318.67	  1975
 3318.77	  1980
 3318.87	  1986
 3318.97	  1992
 3319.08	  1998
 3319.18	  2004
 3319.28	  2009
 3319.38	  2014
 3319.48	  2022
 3319.58	  2030
 3319.68	  2036
 3319.78	  2045
 3319.88	  2049
 3319.98	  2058
 3320.08	  2066
 3320.18	  2073
 3320.28	  2082
 3320.38	  2088
 3320.48	  2096
 3320.58	  2104
 3320.68	  2112
 3320.78	  2116
 3320.88	  2128
 3320.98	  2137
 3321.08	  2146
 3321.18	  2155
 3321.28	  2163
 3321.38	  2174
 3321.48	  2184
 3321.58	  2192
 3321.68	  2202
 3321.78	  2210
 3321.88	  2220
 3321.98	  2228
 3322.08	  2237
 3322.18	  2244
 3322.28	  2256
 3322.38	  2265
 3322.48	  2274
 3322.58	  2284
 3322.68	  2290
 3322.78	  2303
 3322.88	  2313
 3322.98	  2323
 3323.08	  2334
 3323.18	  2346
 3323.28	  2357
 3323.38	  2368
 3323.48	  2380
 3323.58	  2392
 3323.68	  2403
 3323.78	  2415
 3323.88	  2427
 3323.98	  2439
 3324.08	  2448
 3324.18	  2464
 3324.28	  2476
 3324.38	  2489
 3324.48	  2502
 3324.58	  2514
 3324.68	  2529
 3324.78	  2542
 3324.88	  2557
 3324.98	  2570
 3325.08	  2586
 3325.18	  2598
 3325.28	  2611
 3325.38	  2625
 3325.48	  2637
 3325.58	  2652
 3325.68	  2664
 3325.78	  2679
 3325.88	  2693
 3325.98	  2706
 3326.08	  2721
 3326.18	  2734
 3326.28	  2749
 3326.38	  2762
 3326.48	  2779
 3326.58	  2792
 3326.68	  2806
 3326.78	  2821
 3326.88	  2835
 3326.98	  2853
 3327.09	  2866
 3327.19	  2882
 3327.29	  2897
 3327.39	  2911
 3327.49	  2930
 3327.59	  2944
 3327.69	  2958
 3327.79	  2973
 3327.89	  2992
 3327.99	  3004
 3328.09	  3019
 3328.19	  3034
 3328.29	  3050
 3328.39	  3067
 3328.49	  3081
 3328.59	  3096
 3328.69	  3111
 3328.79	  3125
 3328.89	  3140
 3328.99	  3152
 3329.09	  3166
 3329.19	  3180
 3329.29	  3193
 3329.39	  3206
 3329.49	  3220
 3329.59	  3233
 3329.69	  3249
 3329.79	  3264
 3329.89	  3272
 3329.99	  3285
 3330.09	  3296
 3330.19	  3308
 3330.29	  3320
 3330.39	  3330
 3330.49	  3343
 3330.59	  3354
 3330.69	  3364
 3330.79	  3376
 3330.89	  3387
 3330.99	  3396
 3331.09	  3406
 3331.19	  3416
 3331.29	  3420
 3331.39	  3431
 3331.49	  3437
 3331.59	  3444
 3331.69	  3452
 3331.79	  3456
 3331.89	  3462
 3331.99	  3467
 3332.09	  3470
 3332.19	  3471
 3332.29	  3474
 3332.39	  3477
 3332.49	  3478
 3332.59	  3481
 3332.69	  3481
 3332.79	  3483
 3332.89	  3482
 3332.99	  3482
 3333.09	  3484
 3333.19	  3479
 3333.29	  3477
 3333.39	  3474
 3333.49	  3469
 3333.59	  3461
 3333.69	  3461
 3333.79	  3456
 3333.89	  3450
 3333.99	  3444
 3334.09	  3434
 3334.19	  3428
 3334.29	  3419
 3334.39	  3409
 3334.49	  3400
 3334.59	  3388
 3334.69	  3378
 3334.79	  3367
 3334.89	  3354
 3334.99	  3341
  3335.1	  3329
  3335.2	  3314
  3335.3	  3300
  3335.4	  3285
  3335.5	  3265
  3335.6	  3253
  3335.7	  3237
  3335.8	  3220
  3335.9	  3203
  3336.0	  3184
  3336.1	  3168
  3336.2	  3148
  3336.3	  3129
  3336.4	  3111
  3336.5	  3092
  3336.6	  3070
  3336.7	  3050
  3336.8	  3030
  3336.9	  3004
  3337.0	  2985
  3337.1	  2962
  3337.2	  2938
  3337.3	  2915
  3337.4	  2889
  3337.5	  2866
  3337.6	  2840
  3337.7	  2814
  3337.8	  2788
  3337.9	  2762
  3338.0	  2734
  3338.1	  2706
  3338.2	  2679
  3338.3	  2648
  3338.4	  2621
  3338.5	  2592
  3338.6	  2564
  3338.7	  2535
  3338.8	  2505
  3338.9	  2480
  3339.0	  2451
  3339.1	  2423
  3339.2	  2395
  3339.3	  2369
  3339.4	  2340
  3339.5	  2312
  3339.6	  2285
  3339.7	  2258
  3339.8	  2232
  3339.9	  2202
  3340.0	  2173
  3340.1	  2146
  3340.2	  2116
  3340.3	  2091
  3340.4	  2064
  3340.5	  2039
  3340.6	  2012
  3340.7	  1990
  3340.8	  1961
  3340.9	  1935
  3341.0	  1909
  3341.1	  1883
  3341.2	  1860
  3341.3	  1832
  3341.4	  1805
  3341.5	  1780
  3341.6	  1756
  3341.7	  1732
  3341.8	  1707
  3341.9	  1684
  3342.0	  1661
  3342.1	  1637
  3342.2	  1615
  3342.3	  1593
  3342.4	  1571
  3342.5	  1550
  3342.6	  1534
  3342.7	  1507
  3342.8	  1486
  3342.9	  1466
 3343.01	  1447
 3343.11	  1427
 3343.21	  1406
 3343.31	  1388
 3343.41	  1369
 3343.51	  1351
 3343.61	  1334
 3343.71	  1316
 3343.81	  1298
 3343.91	  1281
 3344.01	  1266
 3344.11	  1247
 3344.21	  1233
 3344.31	  1218
 3344.41	  1204
 3344.51	  1193
 3344.61	  1176
 3344.71	  1164
 3344.81	  1150
 3344.91	  1137
 3345.01	  1124
 3345.11	  1112
 3345.21	  1101
 3345.31	  1090
 3345.41	  1079
 3345.51	  1068
 3345.61	  1059
 3345.71	  1049
 3345.81	  1039
 3345.91	  1032
 3346.01	  1019
 3346.11	  1011
 3346.21	  1003
 3346.31	   996
 3346.41	   987
 3346.51	   981
 3346.61	   973
 3346.71	   967
 3346.81	   961
 3346.91	   953
 3347.01	   950
 3347.11	   946
 3347.21	   941
 3347.31	   938
 3347.41	   930
 3347.51	   927
 3347.61	   922
 3347.71	   918
 3347.81	   915
 3347.91	   911
 3348.01	   909
 3348.11	   906
 3348.21	   903
 3348.31	   896
 3348.41	   898
 3348.51	   896
 3348.61	   893
 3348.71	   892
 3348.81	   889
 3348.91	   890
 3349.01	   889
 3349.11	   888
 3349.21	   888
 3349.31	   887
 3349.41	   887
 3349.51	   887
 3349.61	   887
 3349.71	   884
 3349.81	   889
 3349.91	   888
 3350.01	   889
 3350.11	   890
 3350.21	   887
 3350.31	   891
 3350.41	   892
 3350.51	   893
 3350.61	   894
 3350.71	   896
 3350.81	   898
 3350.91	   899
 3351.02	   900
 3351.12	   902
 3351.22	   902
 3351.32	   903
 3351.42	   905
 3351.52	   908
 3351.62	   907
 3351.72	   912
 3351.82	   914
 3351.92	   915
 3352.02	   918
 3352.12	   921
 3352.22	   923
 3352.32	   927
 3352.42	   929
 3352.52	   932
 3352.62	   937
 3352.72	   938
 3352.82	   940
 3352.92	   943
 3353.02	   945
 3353.12	   950
 3353.22	   953
 3353.32	   955
 3353.42	   957
 3353.52	   961
 3353.62	   963
 3353.72	   966
 3353.82	   969
 3353.92	   973
 3354.02	   977
 3354.12	   978
 3354.22	   981
 3354.32	   985
 3354.42	   988
 3354.52	   993
 3354.62	   995
 3354.72	   998
 3354.82	  1001
 3354.92	  1004
 3355.02	  1009
 3355.12	  1012
 3355.22	  1015
 3355.32	  1018
 3355.42	  1026
 3355.52	  1025
 3355.62	  1028
 3355.72	  1031
 3355.82	  1035
 3355.92	  1040
 3356.02	  1041
 3356.12	  1045
 3356.22	  1049
 3356.32	  1052
 3356.42	  1056
 3356.52	  1058
 3356.62	  1062
 3356.72	  1065
 3356.82	  1068
 3356.92	  1071
 3357.02	  1074
 3357.12	  1077
 3357.22	  1081
 3357.32	  1088
 3357.42	  1087
 3357.52	  1090
 3357.62	  1094
 3357.72	  1096
 3357.82	  1100
 3357.92	  1103
 3358.02	  1107
 3358.12	  1110
 3358.22	  1113
 3358.32	  1115
 3358.42	  1119
 3358.52	  1122
 3358.62	  1125
 3358.72	  1131
 3358.82	  1131
 3358.92	  1135
 3359.03	  1137
 3359.13	  1140
 3359.23	  1143
 3359.33	  1146
 3359.43	  1149
 3359.53	  1152
 3359.63	  1156
 3359.73	  1158
 3359.83	  1161
 3359.93	  1165
 3360.03	  1167
 3360.13	  1170
 3360.23	  1171
 3360.33	  1175
 3360.43	  1177
 3360.53	  1180
 3360.63	  1185
 3360.73	  1185
 3360.83	  1189
 3360.93	  1192
 3361.03	  1195
 3361.13	  1194
 3361.23	  1200
 3361.33	  1202
 3361.43	  1206
 3361.53	  1208
 3361.63	  1209
 3361.73	  1214
 3361.83	  1217
 3361.93	  1220
 3362.03	  1223
 3362.13	  1224
 3362.23	  1228
 3362.33	  1230
 3362.43	  1232
 3362.53	  1234
 3362.63	  1237
 3362.73	  1240
 3362.83	  1242
 3362.93	  1245
 3363.03	  1243
 3363.13	  1251
 3363.23	  1253
 3363.33	  1255
 3363.43	  1258
 3363.53	  1260
 3363.63	  1264
 3363.73	  1266
 3363.83	  1269
 3363.93	  1271
 3364.03	  1273
 3364.13	  1274
 3364.23	  1276
 3364.33	  1278
 3364.43	  1276
 3364.53	  1282
 3364.63	  1283
 3364.73	  1285
 3364.83	  1288
 3364.93	  1288
 3365.03	  1292
 3365.13	  1294
 3365.23	  1296
 3365.33	  1299
 3365.43	  1302
 3365.53	  1303
 3365.63	  1304
 3365.73	  1306
 3365.83	  1307
 3365.93	  1310
 3366.03	  1312
 3366.13	  1314
 3366.23	  1315
 3366.33	  1315
 3366.43	  1320
 3366.53	  1322
 3366.63	  1323
 3366.73	  1326
 3366.83	  1330
 3366.93	  1330
 3367.04	  1331
 3367.14	  1334
 3367.24	  1335
 3367.34	  1340
 3367.44	  1339
 3367.54	  1341
 3367.64	  1343
 3367.74	  1343
 3367.84	  1348
 3367.94	  1349
 3368.04	  1351
 3368.14	  1352
 3368.24	  1356
 3368.34	  1355
 3368.44	  1356
 3368.54	  1357
 3368.64	  1358
 3368.74	  1362
 3368.84	  1361
 3368.94	  1362
 3369.04	  1363
 3369.14	  1365
 3369.24	  1368
 3369.34	  1369
 3369.44	  1372
 3369.54	  1373
 3369.64	  1374
 3369.74	  1377
 3369.84	  1378
 3369.94	  1380
 3370.04	  1381
 3370.14	  1387
 3370.24	  1384
 3370.34	  1385
 3370.44	  1387
 3370.54	  1388
 3370.64	  1390
 3370.74	  1390
 3370.84	  1391
 3370.94	  1393
 3371.04	  1394
 3371.14	  1395
 3371.24	  1396
 3371.34	  1398
 3371.44	  1398
 3371.54	  1401
 3371.64	  1401
 3371.74	  1403
 3371.84	  1405
 3371.94	  1406
 3372.04	  1410
 3372.14	  1409
 3372.24	  1410
 3372.34	  1412
 3372.44	  1414
 3372.54	  1415
 3372.64	  1416
 3372.74	  1417
 3372.84	  1418
 3372.94	  1419
 3373.04	  1419
 3373.14	  1421
 3373.24	  1421
 3373.34	  1423
 3373.44	  1427
 3373.54	  1424
 3373.64	  1427
 3373.74	  1428
 3373.84	  1429
 3373.94	  1430
 3374.04	  1431
 3374.14	  1433
 3374.24	  1433
 3374.34	  1434
 3374.44	  1433
 3374.54	  1436
 3374.64	  1438
 3374.74	  1439
 3374.84	  1440
 3374.94	  1440
 3375.05	  1443
 3375.15	  1444
 3375.25	  1445
 3375.35	  1447
 3375.45	  1447
 3375.55	  1449
 3375.65	  1450
 3375.75	  1450
 3375.85	  1447
 3375.95	  1452
 3376.05	  1453
 3376.15	  1454
 3376.25	  1454
 3376.35	  1452
 3376.45	  1455
 3376.55	  1455
 3376.65	  1456
 3376.75	  1458
 3376.85	  1458
 3376.95	  1460
 3377.05	  1461
 3377.15	  1462
 3377.25	  1460
 3377.35	  1465
 3377.45	  1465
 3377.55	  1466
 3377.65	  1467
 3377.75	  1464
 3377.85	  1468
 3377.95	  1469
 3378.05	  1470
 3378.15	  1471
 3378.25	  1471
 3378.35	  1472
 3378.45	  1473
 3378.55	  1474
 3378.65	  1475
 3378.75	  1476
 3378.85	  1477
 3378.95	  1478
 3379.05	  1479
 3379.15	  1476
 3379.25	  1481
 3379.35	  1480
 3379.45	  1480
 3379.55	  1481
 3379.65	  1481
 3379.75	  1482
 3379.85	  1484
 3379.95	  1484
 3380.05	  1485
 3380.15	  1488
 3380.25	  1487
 3380.35	  1487
 3380.45	  1488
 3380.55	  1488
 3380.65	  1490
 3380.75	  1489
 3380.85	  1490
 3380.95	  1491
 3381.05	  1491
 3381.15	  1493
 3381.25	  1494
 3381.35	  1495
 3381.45	  1496
 3381.55	  1500
 3381.65	  1498
 3381.75	  1498
 3381.85	  1499
 3381.95	  1499
 3382.05	  1502
 3382.15	  1500
 3382.25	  1501
 3382.35	  1501
 3382.45	  1500
 3382.55	  1503
 3382.65	  1503
 3382.75	  1504
 3382.85	  1505
 3382.95	  1509
 3383.06	  1506
 3383.16	  1506
 3383.26	  1507
 3383.36	  1506
 3383.46	  1509
 3383.56	  1508
 3383.66	  1508
 3383.76	  1508
 3383.86	  1509
 3383.96	  1510
 3384.06	  1509
 3384.16	  1510
 3384.26	  1511
 3384.36	  1511
 3384.46	  1512
 3384.56	  1513
 3384.66	  1515
 3384.76	  1515
 3384.86	  1520
 3384.96	  1516
 3385.06	  1517
 3385.16	  1517
 3385.26	  1518
 3385.36	  1519
 3385.46	  1518
 3385.56	  1519
 3385.66	  1520
 3385.76	  1520
 3385.86	  1521
 3385.96	  1521
 3386.06	  1522
 3386.16	  1522
 3386.26	  1524
 3386.36	  1522
 3386.46	  1524
 3386.56	  1524
 3386.66	  1525
 3386.76	  1527
 3386.86	  1525
 3386.96	  1526
 3387.06	  1526
 3387.16	  1527
 3387.26	  1527
 3387.36	  1528
 3387.46	  1529
 3387.56	  1530
 3387.66	  1531
 3387.76	  1531
 3387.86	  1533
 3387.96	  1534
 3388.06	  1535
 3388.16	  1538
 3388.26	  1534
 3388.36	  1537
 3388.46	  1536
 3388.56	  1537
 3388.66	  1535
 3388.76	  1537
 3388.86	  1537
 3388.96	  1536
 3389.06	  1536
 3389.16	  1535
 3389.26	  1537
 3389.36	  1539
 3389.46	  1539
 3389.56	  1539
 3389.66	  1538
 3389.76	  1541
 3389.86	  1540
 3389.96	  1541
 3390.06	  1542
 3390.16	  1541
 3390.26	  1543
 3390.36	  1544
 3390.46	  1544
 3390.56	  1541
 3390.66	  1545
 3390.76	  1545
 3390.86	  1546
 3390.96	  1546
 3391.07	  1544
 3391.17	  1546
 3391.27	  1546
 3391.37	  1547
 3391.47	  1548
 3391.57	  1547
 3391.67	  1548
 3391.77	  1549
 3391.87	  1548
 3391.97	  1547
 3392.07	  1550
 3392.17	  1550
 3392.27	  1550
 3392.37	  1551
 3392.47	  1548
 3392.57	  1552
 3392.67	  1552
 3392.77	  1553
 3392.87	  1554
 3392.97	  1554
 3393.07	  1556
 3393.17	  1556
 3393.27	  1556
 3393.37	  1557
 3393.47	  1557
 3393.57	  1557
 3393.67	  1557
 3393.77	  1558
 3393.87	  1553
 3393.97	  1558
 3394.07	  1558
 3394.17	  1558
 3394.27	  1558
 3394.37	  1558
 3394.47	  1560
 3394.57	  1560
 3394.67	  1560
 3394.77	  1561
 3394.87	  1564
 3394.97	  1561
 3395.07	  1561
 3395.17	  1563
 3395.27	  1561
 3395.37	  1564
 3395.47	  1563
 3395.57	  1564
 3395.67	  1564
 3395.77	  1564
 3395.87	  1566
 3395.97	  1566
 3396.07	  1567
 3396.17	  1567
 3396.27	  1569
 3396.37	  1567
 3396.47	  1568
 3396.57	  1569
 3396.67	  1569
 3396.77	  1572
 3396.87	  1570
 3396.97	  1570
 3397.07	  1570
 3397.17	  1569
 3397.27	  1571
 3397.37	  1571
 3397.47	  1572
 3397.57	  1572
 3397.67	  1576
 3397.77	  1573
 3397.87	  1573
 3397.97	  1574
 3398.07	  1574
 3398.17	  1577
 3398.27	  1575
 3398.37	  1576
 3398.47	  1576
 3398.57	  1577
 3398.67	  1578
 3398.77	  1577
 3398.87	  1578
 3398.97	  1578
 3399.08	  1578
 3399.18	  1580
 3399.28	  1581
 3399.38	  1581
 3399.48	  1582
 3399.58	  1587
 3399.68	  1583
 3399.78	  1583
 3399.88	  1583
 3399.98	  1585
 3400.08	  1585
 3400.18	  1584
 3400.28	  1585
 3400.38	  1585
 3400.48	  1586
 3400.58	  1586
 3400.68	  1587
 3400.78	  1587
 3400.88	  1587
 3400.98	  1589
 3401.08	  1587
 3401.18	  1588
 3401.28	  1588
 3401.38	  1589
 3401.48	  1592
 3401.58	  1590
 3401.68	  1591
 3401.78	  1592
 3401.88	  1593
 3401.98	  1593
 3402.08	  1595
 3402.18	  1596
 3402.28	  1597
 3402.38	  1597
 3402.48	  1596
 3402.58	  1597
 3402.68	  1598
 3402.78	  1599
 3402.88	  1602
 3402.98	  1599
 3403.08	  1601
 3403.18	  1600
 3403.28	  1601
 3403.38	  1600
 3403.48	  1602
 3403.58	  1603
 3403.68	  1604
 3403.78	  1604
 3403.88	  1602
 3403.98	  1605
 3404.08	  1606
 3404.18	  1606
 3404.28	  1608
 3404.38	  1606
 3404.48	  1609
 3404.58	  1609
 3404.68	  1610
 3404.78	  1612
 3404.88	  1612
 3404.98	  1613
 3405.08	  1614
 3405.18	  1614
 3405.28	  1610
 3405.38	  1615
 3405.48	  1616
 3405.58	  1617
 3405.68	  1617
 3405.78	  1617
 3405.88	  1620
 3405.98	  1621
 3406.08	  1621
 3406.18	  1622
 3406.28	  1622
 3406.38	  1625
 3406.48	  1626
 3406.58	  1627
 3406.68	  1625
 3406.78	  1629
 3406.88	  1629
 3406.98	  1629
 3407.09	  1630
 3407.19	  1626
 3407.29	  1631
 3407.39	  1632
 3407.49	  1633
 3407.59	  1633
 3407.69	  1634
 3407.79	  1635
 3407.89	  1635
 3407.99	  1637
 3408.09	  1639
 3408.19	  1640
 3408.29	  1641
 3408.39	  1642
 3408.49	  1643
 3408.59	  1641
 3408.69	  1646
 3408.79	  1646
 3408.89	  1647
 3408.99	  1648
 3409.09	  1649
 3409.19	  1652
 3409.29	  1653
 3409.39	  1655
 3409.49	  1656
 3409.59	  1659
 3409.69	  1658
 3409.79	  1659
 3409.89	  1661
 3409.99	  1661
 3410.09	  1664
 3410.19	  1665
 3410.29	  1666
 3410.39	  1667
 3410.49	  1668
 3410.59	  1671
 3410.69	  1671
 3410.79	  1672
 3410.89	  1673
 3410.99	  1676
 3411.09	  1677
 3411.19	  1678
 3411.29	  1681
 3411.39	  1682
 3411.49	  1685
 3411.59	  1685
 3411.69	  1686
 3411.79	  1688
 3411.89	  1689
 3411.99	  1693
 3412.09	  1693
 3412.19	  1695
 3412.29	  1696
 3412.39	  1701
 3412.49	  1699
 3412.59	  1701
 3412.69	  1703
 3412.79	  1704
 3412.89	  1709
 3412.99	  1709
 3413.09	  1711
 3413.19	  1714
 3413.29	  1717
 3413.39	  1721
 3413.49	  1722
 3413.59	  1725
 3413.69	  1726
 3413.79	  1727
 3413.89	  1730
 3413.99	  1732
 3414.09	  1735
 3414.19	  1737
 3414.29	  1745
 3414.39	  1742
 3414.49	  1744
 3414.59	  1747
 3414.69	  1750
 3414.79	  1752
 3414.89	  1754
 3414.99	  1757
  3415.1	  1760
  3415.2	  1763
  3415.3	  1765
  3415.4	  1767
  3415.5	  1771
  3415.6	  1773
  3415.7	  1777
  3415.8	  1778
  3415.9	  1783
  3416.0	  1786
  3416.1	  1789
  3416.2	  1795
  3416.3	  1795
  3416.4	  1799
  3416.5	  1801
  3416.6	  1804
  3416.7	  1808
  3416.8	  1811
  3416.9	  1815
  3417.0	  1818
  3417.1	  1822
  3417.2	  1825
  3417.3	  1830
  3417.4	  1834
  3417.5	  1838
  3417.6	  1845
  3417.7	  1845
  3417.8	  1851
  3417.9	  1855
  3418.0	  1859
  3418.1	  1862
  3418.2	  1867
  3418.3	  1872
  3418.4	  1876
  3418.5	  1880
  3418.6	  1882
  3418.7	  1889
  3418.8	  1893
  3418.9	  1898
  3419.0	  1903
  3419.1	  1907
  3419.2	  1913
  3419.3	  1918
  3419.4	  1923
  3419.5	  1928
  3419.6	  1931
  3419.7	  1937
  3419.8	  1942
  3419.9	  1947
  3420.0	  1948
  3420.1	  1958
  3420.2	  1963
  3420.3	  1969
  3420.4	  1975
  3420.5	  1979
  3420.6	  1987
  3420.7	  1993
  3420.8	  1999
  3420.9	  2004
  3421.0	  2010
  3421.1	  2017
  3421.2	  2023
  3421.3	  2029
  3421.4	  2034
  3421.5	  2043
  3421.6	  2049
  3421.7	  2056
  3421.8	  2063
  3421.9	  2066
  3422.0	  2077
  3422.1	  2085
  3422.2	  2093
  3422.3	  2101
  3422.4	  2108
  3422.5	  2117
  3422.6	  2125
  3422.7	  2133
  3422.8	  2141
  3422.9	  2149
 3423.01	  2157
 3423.11	  2166
 3423.21	  2174
 3423.31	  2179
 3423.41	  2192
 3423.51	  2200
 3423.61	  2209
 3423.71	  2218
 3423.81	  2226
 3423.91	  2236
 3424.01	  2245
 3424.11	  2254
 3424.21	  2263
 3424.31	  2274
 3424.41	  2282
 3424.51	  2291
 3424.61	  2300
 3424.71	  2309
 3424.81	  2320
 3424.91	  2330
 3425.01	  2339
 3425.11	  2350
 3425.21	  2358
 3425.31	  2371
 3425.41	  2380
 3425.51	  2390
 3425.61	  2401
 3425.71	  2414
 3425.81	  2424
 3425.91	  2435
 3426.01	  2446
 3426.11	  2458
 3426.21	  2472
 3426.31	  2483
 3426.41	  2494
 3426.51	  2507
 3426.61	  2519
 3426.71	  2532
 3426.81	  2543
 3426.91	  2555
 3427.01	  2566
 3427.11	  2581
 3427.21	  2592
 3427.31	  2606
 3427.41	  2619
 3427.51	  2633
 3427.61	  2648
 3427.71	  2659
 3427.81	  2671
 3427.91	  2685
 3428.01	  2699
 3428.11	  2714
 3428.21	  2726
 3428.31	  2740
 3428.41	  2753
 3428.51	  2764
 3428.61	  2779
 3428.71	  2792
 3428.81	  2805
 3428.91	  2818
 3429.01	  2835
 3429.11	  2842
 3429.21	  2855
 3429.31	  2868
 3429.41	  2882
 3429.51	  2897
 3429.61	  2908
 3429.71	  2921
 3429.81	  2935
 3429.91	  2948
 3430.01	  2963
 3430.11	  2975
 3430.21	  2988
 3430.31	  3001
 3430.41	  3013
 3430.51	  3025
 3430.61	  3037
 3430.71	  3050
 3430.81	  3061
 3430.91	  3079
 3431.02	  3086
 3431.12	  3098
 3431.22	  3110
 3431.32	  3122
 3431.42	  3135
 3431.52	  3145
 3431.62	  3157
 3431.72	  3168
 3431.82	  3178
 3431.92	  3189
 3432.02	  3201
 3432.12	  3210
 3432.22	  3220
 3432.32	  3231
 3432.42	  3237
 3432.52	  3247
 3432.62	  3255
 3432.72	  3263
 3432.82	  3271
 3432.92	  3279
 3433.02	  3286
 3433.12	  3295
 3433.22	  3302
 3433.32	  3307
 3433.42	  3315
 3433.52	  3320
 3433.62	  3324
 3433.72	  3328
 3433.82	  3331
 3433.92	  3336
 3434.02	  3339
 3434.12	  3341
 3434.22	  3345
 3434.32	  3345
 3434.42	  3349
 3434.52	  3351
 3434.62	  3353
 3434.72	  3350
 3434.82	  3353
 3434.92	  3351
 3435.02	  3350
 3435.12	  3350
 3435.22	  3346
 3435.32	  3345
 3435.42	  3343
 3435.52	  3339
 3435.62	  3335
 3435.72	  3330
 3435.82	  3326
 3435.92	  3321
 3436.02	  3316
 3436.12	  3309
 3436.22	  3303
 3436.32	  3295
 3436.42	  3287
 3436.52	  3278
 3436.62	  3264
 3436.72	  3258
 3436.82	  3249
 3436.92	  3238
 3437.02	  3227
 3437.12	  3215
 3437.22	  3204
 3437.32	  3191
 3437.42	  3178
 3437.52	  3164
 3437.62	  3149
 3437.72	  3135
 3437.82	  3120
 3437.92	  3105
 3438.02	  3085
 3438.12	  3073
 3438.22	  3056
 3438.32	  3038
 3438.42	  3020
 3438.52	  3000
 3438.62	  2984
 3438.72	  2965
 3438.82	  2946
 3438.92	  2925
 3439.03	  2906
 3439.13	  2884
 3439.23	  2863
 3439.33	  2843
 3439.43	  2822
 3439.53	  2799
 3439.63	  2777
 3439.73	  2755
 3439.83	  2733
 3439.93	  2709
 3440.03	  2689
 3440.13	  2666
 3440.23	  2642
 3440.33	  2618
 3440.43	  2594
 3440.53	  2570
 3440.63	  2545
 3440.73	  2520
 3440.83	  2495
 3440.93	  2471
 3441.03	  2444
 3441.13	  2418
 3441.23	  2392
 3441.33	  2366
 3441.43	  2342
 3441.53	  2315
 3441.63	  2290
 3441.73	  2264
 3441.83	  2239
 3441.93	  2213
 3442.03	  2187
 3442.13	  2161
 3442.23	  2136
 3442.33	  2113
 3442.43	  2086
 3442.53	  2060
 3442.63	  2035
 3442.73	  2010
 3442.83	  1989
 3442.93	  1962
 3443.03	  1938
 3443.13	  1914
 3443.23	  1888
 3443.33	  1868
 3443.43	  1843
 3443.53	  1821
 3443.63	  1799
 3443.73	  1780
 3443.83	  1754
 3443.93	  1733
 3444.03	  1711
 3444.13	  1690
 3444.23	  1671
 3444.33	  1648
 3444.43	  1628
 3444.53	  1608
 3444.63	  1587
 3444.73	  1569
 3444.83	  1547
 3444.93	  1528
 3445.03	  1509
 3445.13	  1489
 3445.23	  1470
 3445.33	  1452
 3445.43	  1433
 3445.53	  1417
 3445.63	  1404
 3445.73	  1382
 3445.83	  1366
 3445.93	  1350
 3446.03	  1334
 3446.13	  1320
 3446.23	  1304
 3446.33	  1290
 3446.43	  1276
 3446.53	  1262
 3446.63	  1249
 3446.73	  1236
 3446.83	  1223
 3446.93	  1211
 3447.04	  1201
 3447.14	  1187
 3447.24	  1177
 3447.34	  1166
 3447.44	  1156
 3447.54	  1147
 3447.64	  1135
 3447.74	  1125
 3447.84	  1115
 3447.94	  1106
 3448.04	  1096
 3448.14	  1089
 3448.24	  1080
 3448.34	  1072
 3448.44	  1065
 3448.54	  1056
 3448.64	  1050
 3448.74	  1043
 3448.84	  1036
 3448.94	  1033
 3449.04	  1022
 3449.14	  1018
 3449.24	  1012
 3449.34	  1007
 3449.44	  1000
 3449.54	   998
 3449.64	   993
 3449.74	   988
 3449.84	   983
 3449.94	   976
 3450.04	   974
 3450.14	   971
 3450.24	   967
 3450.34	   963
 3450.44	   959
 3450.54	   958
 3450.64	   955
 3450.74	   953
 3450.84	   952
 3450.94	   949
 3451.04	   947
 3451.14	   945
 3451.24	   943
 3451.34	   937
 3451.44	   940
 3451.54	   940
 3451.64	   939
 3451.74	   938
 3451.84	   935
 3451.94	   935
 3452.04	   934
 3452.14	   934
 3452.24	   933
 3452.34	   933
 3452.44	   935
 3452.54	   935
 3452.64	   935
 3452.74	   935
 3452.84	   938
 3452.94	   938
 3453.04	   938
 3453.14	   938
 3453.24	   935
 3453.34	   939
 3453.44	   940
 3453.54	   942
 3453.64	   943
 3453.74	   944
 3453.84	   947
 3453.94	   948
 3454.04	   949
 3454.14	   952
 3454.24	   953
 3454.34	   955
 3454.44	   957
 3454.54	   960
 3454.64	   958
 3454.74	   964
 3454.84	   965
 3454.94	   968
 3455.05	   970
 3455.15	   971
 3455.25	   975
 3455.35	   977
 3455.45	   979
 3455.55	   982
 3455.65	   986
 3455.75	   988
 3455.85	   990
 3455.95	   993
 3456.05	   995
 3456.15	  1000
 3456.25	  1002
 3456.35	  1005
 3456.45	  1008
 3456.55	  1009
 3456.65	  1015
 3456.75	  1017
 3456.85	  1019
 3456.95	  1022
 3457.05	  1027
 3457.15	  1028
 3457.25	  1031
 3457.35	  1033
 3457.45	  1036
 3457.55	  1041
 3457.65	  1042
 3457.75	  1045
 3457.85	  1048
 3457.95	  1049
 3458.05	  1055
 3458.15	  1056
 3458.25	  1060
 3458.35	  1063
 3458.45	  1068
 3458.55	  1069
 3458.65	  1072
 3458.75	  1074
 3458.85	  1077
 3458.95	  1082
 3459.05	  1083
 3459.15	  1086
 3459.25	  1090
 3459.35	  1094
 3459.45	  1098
 3459.55	  1099
 3459.65	  1101
 3459.75	  1103
 3459.85	  1104
 3459.95	  1108
 3460.05	  1111
 3460.15	  1113
 3460.25	  1115
 3460.35	  1123
 3460.45	  1121
 3460.55	  1124
 3460.65	  1128
 3460.75	  1131
 3460.85	  1135
 3460.95	  1136
 3461.05	  1139
 3461.15	  1142
 3461.25	  1145
 3461.35	  1148
 3461.45	  1151
 3461.55	  1154
 3461.65	  1157
 3461.75	  1161
 3461.85	  1162
 3461.95	  1166
 3462.05	  1169
 3462.15	  1171
 3462.25	  1177
 3462.35	  1176
 3462.45	  1179
 3462.55	  1182
 3462.65	  1185
 3462.75	  1187
 3462.85	  1190
 3462.95	  1193
 3463.06	  1195
 3463.16	  1198
 3463.26	  1200
 3463.36	  1204
 3463.46	  1208
 3463.56	  1211
 3463.66	  1215
 3463.76	  1215
 3463.86	  1218
 3463.96	  1220
 3464.06	  1222
 3464.16	  1224
 3464.26	  1226
 3464.36	  1228
 3464.46	  1230
 3464.56	  1233
 3464.66	  1233
 3464.76	  1238
 3464.86	  1241
 3464.96	  1243
 3465.06	  1245
 3465.16	  1246
 3465.26	  1251
 3465.36	  1252
 3465.46	  1255
 3465.56	  1258
 3465.66	  1258
 3465.76	  1261
 3465.86	  1263
 3465.96	  1266
 3466.06	  1264
 3466.16	  1270
 3466.26	  1272
 3466.36	  1274
 3466.46	  1276
 3466.56	  1277
 3466.66	  1280
 3466.76	  1282
 3466.86	  1285
 3466.96	  1287
 3467.06	  1288
 3467.16	  1291
 3467.26	  1293
 3467.36	  1295
 3467.46	  1296
 3467.56	  1299
 3467.66	  1301
 3467.76	  1302
 3467.86	  1304
 3467.96	  1302
 3468.06	  1308
 3468.16	  1310
 3468.26	  1312
 3468.36	  1313
 3468.46	  1315
 3468.56	  1318
 3468.66	  1319
 3468.76	  1322
 3468.86	  1324
 3468.96	  1326
 3469.06	  1329
 3469.16	  1331
 3469.26	  1333
 3469.36	  1331
 3469.46	  1337
 3469.56	  1338
 3469.66	  1340
 3469.76	  1341
 3469.86	  1340
 3469.96	  1345
 3470.06	  1346
 3470.16	  1348
 3470.26	  1349
 3470.36	  1352
 3470.46	  1353
 3470.56	  1355
 3470.66	  1357
 3470.76	  1358
 3470.86	  1361
 3470.96	  1361
 3471.07	  1363
 3471.17	  1364
 3471.27	  1363
 3471.37	  1368
 3471.47	  1368
 3471.57	  1370
 3471.67	  1372
 3471.77	  1373
 3471.87	  1375
 3471.97	  1376
 3472.07	  1378
 3472.17	  1379
 3472.27	  1383
 3472.37	  1382
 3472.47	  1384
 3472.57	  1385
 3472.67	  1385
 3472.77	  1388
 3472.87	  1388
 3472.97	  1389
 3473.07	  1391
 3473.17	  1394
 3473.27	  1394
 3473.37	  1396
 3473.47	  1397
 3473.57	  1398
 3473.67	  1402
 3473.77	  1401
 3473.87	  1402
 3473.97	  1403
 3474.07	  1405
 3474.17	  1408
 3474.27	  1408
 3474.37	  1410
 3474.47	  1412
 3474.57	  1411
 3474.67	  1414
 3474.77	  1415
 3474.87	  1416
 3474.97	  1417
 3475.07	  1424
 3475.17	  1420
 3475.27	  1422
 3475.37	  1424
 3475.47	  1425
 3475.57	  1428
 3475.67	  1427
 3475.77	  1428
 3475.87	  1429
 3475.97	  1430
 3476.07	  1431
 3476.17	  1431
 3476.27	  1432
 3476.37	  1432
 3476.47	  1433
 3476.57	  1434
 3476.67	  1435
 3476.77	  1437
 3476.87	  1438
 3476.97	  1444
 3477.07	  1440
 3477.17	  1441
 3477.27	  1442
 3477.37	  1443
 3477.47	  1445
 3477.57	  1445
 3477.67	  1447
 3477.77	  1447
 3477.87	  1448
 3477.97	  1449
 3478.07	  1450
 3478.17	  1452
 3478.27	  1453
 3478.37	  1456
 3478.47	  1455
 3478.57	  1457
 3478.67	  1458
 3478.77	  1459
 3478.87	  1460
 3478.97	  1459
 3479.08	  1460
 3479.18	  1461
 3479.28	  1462
 3479.38	  1462
 3479.48	  1463
 3479.58	  1465
 3479.68	  1466
 3479.78	  1467
 3479.88	  1467
 3479.98	  1469
 3480.08	  1470
 3480.18	  1472
 3480.28	  1475
 3480.38	  1472
 3480.48	  1475
 3480.58	  1475
 3480.68	  1475
 3480.78	  1473
 3480.88	  1476
 3480.98	  1477
 3481.08	  1477
 3481.18	  1478
 3481.28	  1477
 3481.38	  1479
 3481.48	  1481
 3481.58	  1482
 3481.68	  1483
 3481.78	  1482
 3481.88	  1485
 3481.98	  1485
 3482.08	  1485
 3482.18	  1487
 3482.28	  1486
 3482.38	  1487
 3482.48	  1488
 3482.58	  1489
 3482.68	  1485
 3482.78	  1490
 3482.88	  1491
 3482.98	  1492
 3483.08	  1493
 3483.18	  1492
 3483.28	  1496
 3483.38	  1495
 3483.48	  1496
 3483.58	  1496
 3483.68	  1495
 3483.78	  1497
 3483.88	  1497
 3483.98	  1498
 3484.08	  1496
 3484.18	  1500
 3484.28	  1501
 3484.38	  1501
 3484.48	  1502
 3484.58	  1499
 3484.68	  1504
 3484.78	  1504
 3484.88	  1505
 3484.98	  1506
 3485.08	  1506
 3485.18	  1507
 3485.28	  1507
 3485.38	  1508
 3485.48	  1509
 3485.58	  1510
 3485.68	  1511
 3485.78	  1512
 3485.88	  1513
 3485.98	  1510
 3486.08	  1516
 3486.18	  1516
 3486.28	  1516
 3486.38	  1517
 3486.48	  1516
 3486.58	  1517
 3486.68	  1518
 3486.78	  1517
 3486.88	  1518
 3486.98	  1520
 3487.09	  1518
 3487.19	  1519
 3487.29	  1519
 3487.39	  1519
 3487.49	  1522
 3487.59	  1521
 3487.69	  1523
 3487.79	  1523
 3487.89	  1523
 3487.99	  1525
 3488.09	  1525
 3488.19	  1525
 3488.29	  1526
 3488.39	  1529
 3488.49	  1528
 3488.59	  1528
 3488.69	  1529
 3488.79	  1529
 3488.89	  1531
 3488.99	  1530
 3489.09	  1530
 3489.19	  1531
 3489.29	  1529
 3489.39	  1532
 3489.49	  1531
 3489.59	  1532
 3489.69	  1532
 3489.79	  1536
 3489.89	  1533
 3489.99	  1533
 3490.09	  1534
 3490.19	  1535
 3490.29	  1538
 3490.39	  1537
 3490.49	  1538
 3490.59	  1538
 3490.69	  1540
 3490.79	  1541
 3490.89	  1540
 3490.99	  1541
 3491.09	  1541
 3491.19	  1540
 3491.29	  1542
 3491.39	  1542
 3491.49	  1543
 3491.59	  1543
 3491.69	  1549
 3491.79	  1545
 3491.89	  1545
 3491.99	  1545
 3492.09	  1545
 3492.19	  1546
 3492.29	  1545
 3492.39	  1546
 3492.49	  1546
 3492.59	  1547
 3492.69	  1548
 3492.79	  1548
 3492.89	  1548
 3492.99	  1549
 3493.09	  1551
 3493.19	  1550
 3493.29	  1550
 3493.39	  1551
 3493.49	  1552
 3493.59	  1555
 3493.69	  1552
 3493.79	  1553
 3493.89	  1553
 3493.99	  1553
 3494.09	  1553
 3494.19	  1553
 3494.29	  1554
 3494.39	  1554
 3494.49	  1554
 3494.59	  1554
 3494.69	  1556
 3494.79	  1556
 3494.89	  1557
 3494.99	  1560
  3495.1	  1556
  3495.2	  1559
  3495.3	  1559
  3495.4	  1560
  3495.5	  1561
  3495.6	  1561
  3495.7	  1561
  3495.8	  1562
  3495.9	  1563
  3496.0	  1562
  3496.1	  1564
  3496.2	  1565
  3496.3	  1565
  3496.4	  1565
  3496.5	  1564
  3496.6	  1566
  3496.7	  1565
  3496.8	  1565
  3496.9	  1568
  3497.0	  1565
  3497.1	  1567
  3497.2	  1567
  3497.3	  1568
  3497.4	  1565
  3497.5	  1569
  3497.6	  1569
  3497.7	  1570
  3497.8	  1570
  3497.9	  1568
  3498.0	  1570
  3498.1	  1571
  3498.2	  1572
  3498.3	  1572
  3498.4	  1572
  3498.5	  1574
  3498.6	  1574
  3498.7	  1574
  3498.8	  1573
  3498.9	  1574
  3499.0	  1574
  3499.1	  1574
  3499.2	  1574
  3499.3	  1571
  3499.4	  1576
  3499.5	  1576
  3499.6	  1577
  3499.7	  1578
  3499.8	  1577
  3499.9	  1579
  3500.0	  1580
  3500.1	  1580
  3500.2	  1580
  3500.3	  1581
  3500.4	  1582
  3500.5	  1583
  3500.6	  1584
  3500.7	  1581
  3500.8	  1586
  3500.9	  1586
  3501.0	  1586
  3501.1	  1587
  3501.2	  1585
  3501.3	  1588
  3501.4	  1589
  3501.5	  1590
  3501.6	  1590
  3501.7	  1592
  3501.8	  1591
  3501.9	  1591
  3502.0	  1592
  3502.1	  1592
  3502.2	  1592
  3502.3	  1592
  3502.4	  1592
  3502.5	  1592
  3502.6	  1590
  3502.7	  1593
  3502.8	  1593
  3502.9	  1593
 3503.01	  1594
 3503.11	  1594
 3503.21	  1594
 3503.31	  1595
 3503.41	  1596
 3503.51	  1596
 3503.61	  1599
 3503.71	  1598
 3503.81	  1599
 3503.91	  1600
 3504.01	  1600
 3504.11	  1603
 3504.21	  1603
 3504.31	  1603
 3504.41	  1604
 3504.51	  1605
 3504.61	  1605
 3504.71	  1605
 3504.81	  1606
 3504.91	  1607
 3505.01	  1610
 3505.11	  1610
 3505.21	  1609
 3505.31	  1610
 3505.41	  1611
 3505.51	  1613
 3505.61	  1611
 3505.71	  1612
 3505.81	  1612
 3505.91	  1611
 3506.01	  1614
 3506.11	  1615
 3506.21	  1616
 3506.31	  1616
 3506.41	  1621
 3506.51	  1618
 3506.61	  1619
 3506.71	  1619
 3506.81	  1620
 3506.91	  1622
 3507.01	  1620
 3507.11	  1622
 3507.21	  1622
 3507.31	  1623
 3507.41	  1625
 3507.51	  1625
 3507.61	  1626
 3507.71	  1627
 3507.81	  1627
 3507.91	  1628
 3508.01	  1629
 3508.11	  1631
 3508.21	  1631
 3508.31	  1637
 3508.41	  1633
 3508.51	  1634
 3508.61	  1634
 3508.71	  1634
 3508.81	  1636
 3508.91	  1636
 3509.01	  1637
 3509.11	  1638
 3509.21	  1639
 3509.31	  1640
 3509.41	  1640
 3509.51	  1642
 3509.61	  1642
 3509.71	  1644
 3509.81	  1643
 3509.91	  1645
 3510.01	  1646
 3510.11	  1647
 3510.21	  1651
 3510.31	  1649
 3510.41	  1651
 3510.51	  1652
 3510.61	  1653
 3510.71	  1654
 3510.81	  1656
 3510.91	  1657
 3511.02	  1658
 3511.12	  1659
 3511.22	  1659
 3511.32	  1662
 3511.42	  1662
 3511.52	  1664
 3511.62	  1668
 3511.72	  1665
 3511.82	  1668
 3511.92	  1669
 3512.02	  1670
 3512.12	  1669
 3512.22	  1672
 3512.32	  1673
 3512.42	  1675
 3512.52	  1676
 3512.62	  1676
 3512.72	  1679
 3512.82	  1681
 3512.92	  1683
 3513.02	  1684
 3513.12	  1685
 3513.22	  1688
 3513.32	  1690
 3513.42	  1691
 3513.52	  1694
 3513.62	  1693
 3513.72	  1695
 3513.82	  1697
 3513.92	  1699
 3514.02	  1697
 3514.12	  1702
 3514.22	  1704
 3514.32	  1706
 3514.42	  1707
 3514.52	  1707
 3514.62	  1710
 3514.72	  1712
 3514.82	  1712
 3514.92	  1715
 3515.02	  1716
 3515.12	  1719
 3515.22	  1720
 3515.32	  1723
 3515.42	  1724
 3515.52	  1727
 3515.62	  1729
 3515.72	  1730
 3515.82	  1732
 3515.92	  1729
 3516.02	  1735
 3516.12	  1737
 3516.22	  1738
 3516.32	  1740
 3516.42	  1742
 3516.52	  1745
 3516.62	  1747
 3516.72	  1750
 3516.82	  1752
 3516.92	  1754
 3517.02	  1757
 3517.12	  1759
 3517.22	  1761
 3517.32	  1760
 3517.42	  1767
 3517.52	  1769
 3517.62	  1772
 3517.72	  1774
 3517.82	  1774
 3517.92	  1779
 3518.02	  1783
 3518.12	  1786
 3518.22	  1789
 3518.32	  1793
 3518.42	  1796
 3518.52	  1796
 3518.62	  1799
 3518.72	  1801
 3518.82	  1804
 3518.92	  1806
 3519.03	  1809
 3519.13	  1812
 3519.23	  1812
 3519.33	  1820
 3519.43	  1822
 3519.53	  1825
 3519.63	  1829
 3519.73	  1832
 3519.83	  1835
 3519.93	  1839
 3520.03	  1842
 3520.13	  1846
 3520.23	  1852
 3520.33	  1853
 3520.43	  1857
 3520.53	  1861
 3520.63	  1863
 3520.73	  1870
 3520.83	  1872
 3520.93	  1876
 3521.03	  1879
 3521.13	  1883
 3521.23	  1888
 3521.33	  1891
 3521.43	  1895
 3521.53	  1899
 3521.63	  1904
 3521.73	  1906
 3521.83	  1910
 3521.93	  1914
 3522.03	  1918
 3522.13	  1925
 3522.23	  1928
 3522.33	  1933
 3522.43	  1938
 3522.53	  1941
 3522.63	  1948
 3522.73	  1951
 3522.83	  1955
 3522.93	  1960
 3523.03	  1968
 3523.13	  1969
 3523.23	  1974
 3523.33	  1979
 3523.43	  1984
 3523.53	  1992
 3523.63	  1994
 3523.73	  1999
 3523.83	  2004
 3523.93	  2009
 3524.03	  2016
 3524.13	  2020
 3524.23	  2026
 3524.33	  2031
 3524.43	  2036
 3524.53	  2042
 3524.63	  2048
 3524.73	  2054
 3524.83	  2060
 3524.93	  2071
 3525.03	  2071
 3525.13	  2077
 3525.23	  2084
 3525.33	  2090
 3525.43	  2097
 3525.53	  2103
 3525.63	  2109
 3525.73	  2116
 3525.83	  2122
 3525.93	  2128
 3526.03	  2134
 3526.13	  2140
 3526.23	  2147
 3526.33	  2155
 3526.43	  2159
 3526.53	  2167
 3526.63	  2174
 3526.73	  2180
 3526.83	  2190
 3526.93	  2195
 3527.04	  2201
 3527.14	  2209
 3527.24	  2216
 3527.34	  2222
 3527.44	  2229
 3527.54	  2238
 3527.64	  2245
 3527.74	  2252
 3527.84	  2259
 3527.94	  2267
 3528.04	  2274
 3528.14	  2281
 3528.24	  2292
 3528.34	  2296
 3528.44	  2305
 3528.54	  2312
 3528.64	  2320
 3528.74	  2326
 3528.84	  2335
 3528.94	  2343
 3529.04	  2351
 3529.14	  2359
 3529.24	  2365
 3529.34	  2375
 3529.44	  2383
 3529.54	  2391
 3529.64	  2399
 3529.74	  2405
 3529.84	  2415
 3529.94	  2424
 3530.04	  2433
 3530.14	  2443
 3530.24	  2450
 3530.34	  2459
 3530.44	  2468
 3530.54	  2477
 3530.64	  2483
 3530.74	  2495
 3530.84	  2504
 3530.94	  2512
 3531.04	  2520
 3531.14	  2526
 3531.24	  2535
 3531.34	  2543
 3531.44	  2551
 3531.54	  2561
 3531.64	  2568
 3531.74	  2579
 3531.84	  2586
 3531.94	  2595
 3532.04	  2603
 3532.14	  2613
 3532.24	  2622
 3532.34	  2630
 3532.44	  2639
 3532.54	  2644
 3532.64	  2657
 3532.74	  2665
 3532.84	  2674
 3532.94	  2682
 3533.04	  2689
 3533.14	  2699
 3533.24	  2706
 3533.34	  2714
 3533.44	  2723
 3533.54	  2729
 3533.64	  2738
 3533.74	  2747
 3533.84	  2754
 3533.94	  2759
 3534.04	  2771
 3534.14	  2778
 3534.24	  2785
 3534.34	  2793
 3534.44	  2797
 3534.54	  2806
 3534.64	  2813
 3534.74	  2821
 3534.84	  2828
 3534.94	  2836
 3535.05	  2842
 3535.15	  2850
 3535.25	  2855
 3535.35	  2862
 3535.45	  2869
 3535.55	  2874
 3535.65	  2880
 3535.75	  2886
 3535.85	  2889
 3535.95	  2897
 3536.05	  2901
 3536.15	  2906
 3536.25	  2911
 3536.35	  2916
 3536.45	  2920
 3536.55	  2925
 3536.65	  2929
 3536.75	  2933
 3536.85	  2940
 3536.95	  2941
 3537.05	  2944
 3537.15	  2948
 3537.25	  2949
 3537.35	  2954
 3537.45	  2957
 3537.55	  2960
 3537.65	  2962
 3537.75	  2964
 3537.85	  2967
 3537.95	  2968
 3538.05	  2970
 3538.15	  2971
 3538.25	  2975
 3538.35	  2972
 3538.45	  2972
 3538.55	  2974
 3538.65	  2973
 3538.75	  2974
 3538.85	  2970
 3538.95	  2968
 3539.05	  2966
 3539.15	  2962
 3539.25	  2961
 3539.35	  2958
 3539.45	  2955
 3539.55	  2952
 3539.65	  2954
 3539.75	  2946
 3539.85	  2943
 3539.95	  2940
 3540.05	  2934
 3540.15	  2934
 3540.25	  2928
 3540.35	  2923
 3540.45	  2919
 3540.55	  2915
 3540.65	  2911
 3540.75	  2904
 3540.85	  2898
 3540.95	  2891
 3541.05	  2884
 3541.15	  2878
 3541.25	  2872
 3541.35	  2865
 3541.45	  2857
 3541.55	  2854
 3541.65	  2842
 3541.75	  2832
 3541.85	  2824
 3541.95	  2816
 3542.05	  2807
 3542.15	  2796
 3542.25	  2787
 3542.35	  2777
 3542.45	  2766
 3542.55	  2755
 3542.65	  2744
 3542.75	  2732
 3542.85	  2720
 3542.95	  2710
 3543.06	  2696
 3543.16	  2684
 3543.26	  2672
 3543.36	  2661
 3543.46	  2649
 3543.56	  2634
 3543.66	  2621
 3543.76	  2607
 3543.86	  2594
 3543.96	  2580
 3544.06	  2566
 3544.16	  2553
 3544.26	  2538
 3544.36	  2523
 3544.46	  2507
 3544.56	  2494
 3544.66	  2478
 3544.76	  2463
 3544.86	  2450
 3544.96	  2432
 3545.06	  2419
 3545.16	  2403
 3545.26	  2388
 3545.36	  2373
 3545.46	  2358
 3545.56	  2342
 3545.66	  2327
 3545.76	  2311
 3545.86	  2292
 3545.96	  2278
 3546.06	  2263
 3546.16	  2247
 3546.26	  2231
 3546.36	  2214
 3546.46	  2200
 3546.56	  2184
 3546.66	  2168
 3546.76	  2155
 3546.86	  2136
 3546.96	  2121
 3547.06	  2105
 3547.16	  2089
 3547.26	  2069
 3547.36	  2057
 3547.46	  2040
 3547.56	  2024
 3547.66	  2009
 3547.76	  1991
 3547.86	  1978
 3547.96	  1962
 3548.06	  1947
 3548.16	  1931
 3548.26	  1915
 3548.36	  1901
 3548.46	  1886
 3548.56	  1870
 3548.66	  1854
 3548.76	  1840
 3548.86	  1825
 3548.96	  1810
 3549.06	  1796
 3549.16	  1777
 3549.26	  1767
 3549.36	  1753
 3549.46	  1739
 3549.56	  1725
 3549.66	  1711
 3549.76	  1700
 3549.86	  1686
 3549.96	  1673
 3550.06	  1659
 3550.16	  1647
 3550.26	  1634
 3550.36	  1620
 3550.46	  1608
 3550.56	  1592
 3550.66	  1583
 3550.76	  1569
 3550.86	  1557
 3550.96	  1545
 3551.07	  1530
 3551.17	  1521
 3551.27	  1509
 3551.37	  1498
 3551.47	  1487
 3551.57	  1478
 3551.67	  1467
 3551.77	  1456
 3551.87	  1446
 3551.97	  1435
 3552.07	  1426
 3552.17	  1415
 3552.27	  1405
 3552.37	  1396
 3552.47	  1383
 3552.57	  1377
 3552.67	  1367
 3552.77	  1359
 3552.87	  1351
 3552.97	  1342
 3553.07	  1334
 3553.17	  1325
 3553.27	  1317
 3553.37	  1309
 3553.47	  1303
 3553.57	  1294
 3553.67	  1285
 3553.77	  1278
 3553.87	  1270
 3553.97	  1266
 3554.07	  1258
 3554.17	  1253
 3554.27	  1246
 3554.37	  1240
 3554.47	  1235
 3554.57	  1229
 3554.67	  1223
 3554.77	  1217
 3554.87	  1214
 3554.97	  1208
 3555.07	  1202
 3555.17	  1198
 3555.27	  1193
 3555.37	  1190
 3555.47	  1183
 3555.57	  1180
 3555.67	  1176
 3555.77	  1170
 3555.87	  1169
 3555.97	  1165
 3556.07	  1161
 3556.17	  1158
 3556.27	  1158
 3556.37	  1152
 3556.47	  1149
 3556.57	  1146
 3556.67	  1144
 3556.77	  1143
 3556.87	  1138
 3556.97	  1135
 3557.07	  1133
 3557.17	  1130
 3557.27	  1129
 3557.37	  1125
 3557.47	  1124
 3557.57	  1123
 3557.67	  1120
 3557.77	  1120
 3557.87	  1118
 3557.97	  1117
 3558.07	  1116
 3558.17	  1120
 3558.27	  1113
 3558.37	  1112
 3558.47	  1110
 3558.57	  1108
 3558.67	  1109
 3558.77	  1107
 3558.87	  1107
 3558.97	  1107
 3559.08	  1107
 3559.18	  1107
 3559.28	  1106
 3559.38	  1105
 3559.48	  1104
 3559.58	  1105
 3559.68	  1103
 3559.78	  1104
 3559.88	  1104
 3559.98	  1105
 3560.08	  1110
 3560.18	  1105
 3560.28	  1106
 3560.38	  1106
 3560.48	  1107
 3560.58	  1107
 3560.68	  1108
 3560.78	  1109
 3560.88	  1110
 3560.98	  1110
 3561.08	  1111
 3561.18	  1112
 3561.28	  1113
 3561.38	  1113
 3561.48	  1116
 3561.58	  1112
 3561.68	  1114
 3561.78	  1115
 3561.88	  1116
 3561.98	  1117
 3562.08	  1118
 3562.18	  1120
 3562.28	  1121
 3562.38	  1123
 3562.48	  1123
 3562.58	  1126
 3562.68	  1127
 3562.78	  1128
 3562.88	  1130
 3562.98	  1130
 3563.08	  1132
 3563.18	  1133
 3563.28	  1134
 3563.38	  1138
 3563.48	  1137
 3563.58	  1140
 3563.68	  1141
 3563.78	  1143
 3563.88	  1142
 3563.98	  1147
 3564.08	  1149
 3564.18	  1151
 3564.28	  1153
 3564.38	  1153
 3564.48	  1157
 3564.58	  1159
 3564.68	  1161
 3564.78	  1164
 3564.88	  1165
 3564.98	  1168
 3565.08	  1170
 3565.18	  1172
 3565.28	  1174
 3565.38	  1175
 3565.48	  1177
 3565.58	  1178
 3565.68	  1180
 3565.78	  1178
 3565.88	  1184
 3565.98	  1186
 3566.08	  1188
 3566.18	  1190
 3566.28	  1191
 3566.38	  1195
 3566.48	  1197
 3566.58	  1200
 3566.68	  1202
 3566.78	  1204
 3566.88	  1207
 3566.98	  1209
 3567.09	  1211
 3567.19	  1211
 3567.29	  1215
 3567.39	  1217
 3567.49	  1219
 3567.59	  1221
 3567.69	  1220
 3567.79	  1226
 3567.89	  1229
 3567.99	  1230
 3568.09	  1232
 3568.19	  1234
 3568.29	  1236
 3568.39	  1236
 3568.49	  1238
 3568.59	  1241
 3568.69	  1242
 3568.79	  1243
 3568.89	  1245
 3568.99	  1247
 3569.09	  1246
 3569.19	  1253
 3569.29	  1254
 3569.39	  1256
 3569.49	  1259
 3569.59	  1260
 3569.69	  1264
 3569.79	  1266
 3569.89	  1268
 3569.99	  1270
 3570.09	  1273
 3570.19	  1273
 3570.29	  1275
 3570.39	  1277
 3570.49	  1278
 3570.59	  1282
 3570.69	  1282
 3570.79	  1285
 3570.89	  1287
 3570.99	  1287
 3571.09	  1291
 3571.19	  1292
 3571.29	  1294
 3571.39	  1296
 3571.49	  1299
 3571.59	  1300
 3571.69	  1302
 3571.79	  1303
 3571.89	  1306
 3571.99	  1311
 3572.09	  1310
 3572.19	  1312
 3572.29	  1314
 3572.39	  1315
 3572.49	  1319
 3572.59	  1320
 3572.69	  1322
 3572.79	  1324
 3572.89	  1328
 3572.99	  1328
 3573.09	  1329
 3573.19	  1331
 3573.29	  1332
 3573.39	  1337
 3573.49	  1336
 3573.59	  1338
 3573.69	  1340
 3573.79	  1341
 3573.89	  1345
 3573.99	  1345
 3574.09	  1346
 3574.19	  1348
 3574.29	  1347
 3574.39	  1351
 3574.49	  1352
 3574.59	  1354
 3574.69	  1356
 3574.79	  1363
 3574.89	  1359
 3574.99	  1361
  3575.1	  1363
  3575.2	  1364
  3575.3	  1366
  3575.4	  1366
  3575.5	  1366
  3575.6	  1369
  3575.7	  1370
  3575.8	  1373
  3575.9	  1374
  3576.0	  1376
  3576.1	  1377
  3576.2	  1378
  3576.3	  1380
  3576.4	  1382
  3576.5	  1384
  3576.6	  1385
  3576.7	  1391
  3576.8	  1390
  3576.9	  1391
  3577.0	  1393
  3577.1	  1395
  3577.2	  1396
  3577.3	  1396
  3577.4	  1398
  3577.5	  1399
  3577.6	  1400
  3577.7	  1401
  3577.8	  1402
  3577.9	  1403
  3578.0	  1405
  3578.1	  1408
  3578.2	  1407
  3578.3	  1409
  3578.4	  1410
  3578.5	  1412
  3578.6	  1415
  3578.7	  1415
  3578.8	  1416
  3578.9	  1417
  3579.0	  1419
  3579.1	  1419
  3579.2	  1421
  3579.3	  1422
  3579.4	  1423
  3579.5	  1424
  3579.6	  1424
  3579.7	  1427
  3579.8	  1428
  3579.9	  1430
  3580.0	  1434
  3580.1	  1432
  3580.2	  1436
  3580.3	  1437
  3580.4	  1439
  3580.5	  1438
  3580.6	  1441
  3580.7	  1442
  3580.8	  1443
  3580.9	  1445
  3581.0	  1444
  3581.1	  1446
  3581.2	  1447
  3581.3	  1448
  3581.4	  1448
  3581.5	  1449
  3581.6	  1452
  3581.7	  1452
  3581.8	  1454
  3581.9	  1457
  3582.0	  1456
  3582.1	  1458
  3582.2	  1459
  3582.3	  1459
  3582.4	  1457
  3582.5	  1462
  3582.6	  1463
  3582.7	  1464
  3582.8	  1465
  3582.9	  1464
 3583.01	  1467
 3583.11	  1467
 3583.21	  1468
 3583.31	  1469
 3583.41	  1469
 3583.51	  1471
 3583.61	  1472
 3583.71	  1473
 3583.81	  1473
 3583.91	  1475
 3584.01	  1475
 3584.11	  1476
 3584.21	  1477
 3584.31	  1474
 3584.41	  1479
 3584.51	  1480
 3584.61	  1481
 3584.71	  1482
 3584.81	  1482
 3584.91	  1484
 3585.01	  1485
 3585.11	  1486
 3585.21	  1487
 3585.31	  1488
 3585.41	  1489
 3585.51	  1490
 3585.61	  1491
 3585.71	  1489
 3585.81	  1494
 3585.91	  1494
 3586.01	  1494
 3586.11	  1495
 3586.21	  1493
 3586.31	  1496
 3586.41	  1497
 3586.51	  1497
 3586.61	  1498
 3586.71	  1500
 3586.81	  1501
 3586.91	  1501
 3587.01	  1502
 3587.11	  1503
 3587.21	  1504
 3587.31	  1504
 3587.41	  1505
 3587.51	  1505
 3587.61	  1503
 3587.71	  1508
 3587.81	  1507
 3587.91	  1508
 3588.01	  1508
 3588.11	  1508
 3588.21	  1509
 3588.31	  1510
 3588.41	  1511
 3588.51	  1512
 3588.61	  1514
 3588.71	  1514
 3588.81	  1514
 3588.91	  1516
 3589.01	  1515
 3589.11	  1518
 3589.21	  1518
 3589.31	  1520
 3589.41	  1521
 3589.51	  1521
 3589.61	  1523
 3589.71	  1523
 3589.81	  1524
 3589.91	  1525
 3590.01	  1528
 3590.11	  1527
 3590.21	  1527
 3590.31	  1527
 3590.41	  1528
 3590.51	  1530
 3590.61	  1528
 3590.71	  1529
 3590.81	  1529
 3590.91	  1528
 3591.02	  1531
 3591.12	  1531
 3591.22	  1531
 3591.32	  1532
 3591.42	  1535
 3591.52	  1532
 3591.62	  1532
 3591.72	  1533
 3591.82	  1535
 3591.92	  1538
 3592.02	  1536
 3592.12	  1537
 3592.22	  1538
 3592.32	  1538
 3592.42	  1542
 3592.52	  1541
 3592.62	  1542
 3592.72	  1543
 3592.82	  1542
 3592.92	  1544
 3593.02	  1545
 3593.12	  1545
 3593.22	  1546
 3593.32	  1551
 3593.42	  1547
 3593.52	  1548
 3593.62	  1547
 3593.72	  1548
 3593.82	  1550
 3593.92	  1548
 3594.02	  1549
 3594.12	  1550
 3594.22	  1550
 3594.32	  1551
 3594.42	  1551
 3594.52	  1552
 3594.62	  1552
 3594.72	  1554
 3594.82	  1553
 3594.92	  1554
 3595.02	  1555
 3595.12	  1555
 3595.22	  1560
 3595.32	  1555
 3595.42	  1555
 3595.52	  1555
 3595.62	  1556
 3595.72	  1556
 3595.82	  1556
 3595.92	  1557
 3596.02	  1558
 3596.12	  1559
 3596.22	  1559
 3596.32	  1560
 3596.42	  1561
 3596.52	  1562
 3596.62	  1565
 3596.72	  1562
 3596.82	  1563
 3596.92	  1565
 3597.02	  1564
 3597.12	  1566
 3597.22	  1566
 3597.32	  1566
 3597.42	  1567
 3597.52	  1567
 3597.62	  1566
 3597.72	  1566
 3597.82	  1567
 3597.92	  1568
 3598.02	  1568
 3598.12	  1567
 3598.22	  1570
 3598.32	  1571
 3598.42	  1571
 3598.52	  1574
 3598.62	  1571
 3598.72	  1572
 3598.82	  1572
 3598.92	  1572
 3599.03	  1570
 3599.13	  1573
 3599.23	  1573
 3599.33	  1574
 3599.43	  1575
 3599.53	  1574
 3599.63	  1576
 3599.73	  1577
 3599.83	  1577
 3599.93	  1577
 3600.03	  1578
 3600.13	  1579
 3600.23	  1579
 3600.33	  1580
 3600.43	  1580
 3600.53	  1580
 3600.63	  1581
 3600.73	  1580
 3600.83	  1580
 3600.93	  1576
 3601.03	  1580
 3601.13	  1581
 3601.23	  1581
 3601.33	  1582
 3601.43	  1581
 3601.53	  1583
 3601.63	  1583
 3601.73	  1584
 3601.83	  1584
 3601.93	  1584
 3602.03	  1586
 3602.13	  1586
 3602.23	  1586
 3602.33	  1584
 3602.43	  1586
 3602.53	  1587
 3602.63	  1586
 3602.73	  1587
 3602.83	  1583
 3602.93	  1588
 3603.03	  1588
 3603.13	  1588
 3603.23	  1588
 3603.33	  1589
 3603.43	  1591
 3603.53	  1590
 3603.63	  1590
 3603.73	  1592
 3603.83	  1591
 3603.93	  1592
 3604.03	  1593
 3604.13	  1593
 3604.23	  1590
 3604.33	  1595
 3604.43	  1593
 3604.53	  1594
 3604.63	  1594
 3604.73	  1592
 3604.83	  1595
 3604.93	  1595
 3605.03	  1596
 3605.13	  1596
 3605.23	  1598
 3605.33	  1597
 3605.43	  1597
 3605.53	  1597
 3605.63	  1597
 3605.73	  1598
 3605.83	  1597
 3605.93	  1597
 3606.03	  1597
 3606.13	  1595
 3606.23	  1598
 3606.33	  1597
 3606.43	  1598
 3606.53	  1598
 3606.63	  1599
 3606.73	  1599
 3606.83	  1600
 3606.93	  1600
 3607.04	  1601
 3607.14	  1603
 3607.24	  1601
 3607.34	  1601
 3607.44	  1602
 3607.54	  1600
 3607.64	  1603
 3607.74	  1603
 3607.84	  1604
 3607.94	  1604
 3608.04	  1606
 3608.14	  1606
 3608.24	  1606
 3608.34	  1606
 3608.44	  1607
 3608.54	  1610
 3608.64	  1606
 3608.74	  1606
 3608.84	  1606
 3608.94	  1606
 3609.04	  1608
 3609.14	  1606
 3609.24	  1606
 3609.34	  1607
 3609.44	  1605
 3609.54	  1608
 3609.64	  1607
 3609.74	  1608
 3609.84	  1609
 3609.94	  1614
 3610.04	  1609
 3610.14	  1610
 3610.24	  1610
 3610.34	  1609
 3610.44	  1612
 3610.54	  1610
 3610.64	  1610
 3610.74	  1611
 3610.84	  1611
 3610.94	  1613
 3611.04	  1612
 3611.14	  1613
 3611.24	  1612
 3611.34	  1612
 3611.44	  1612
 3611.54	  1613
 3611.64	  1613
 3611.74	  1613
 3611.84	  1619
 3611.94	  1614
 3612.04	  1614
 3612.14	  1614
 3612.24	  1614
 3612.34	  1615
 3612.44	  1614
 3612.54	  1615
 3612.64	  1615
 3612.74	  1615
 3612.84	  1615
 3612.94	  1615
 3613.04	  1615
 3613.14	  1615
 3613.24	  1616
 3613.34	  1615
 3613.44	  1617
 3613.54	  1617
 3613.64	  1619
 3613.74	  1622
 3613.84	  1619
 3613.94	  1619
 3614.04	  1619
 3614.14	  1619
 3614.24	  1619
 3614.34	  1619
 3614.44	  1620
 3614.54	  1619
 3614.64	  1619
 3614.74	  1618
 3614.84	  1618
 3614.94	  1617
 3615.05	  1618
 3615.15	  1620
 3615.25	  1616
 3615.35	  1619
 3615.45	  1619
 3615.55	  1619
 3615.65	  1619
 3615.75	  1620
 3615.85	  1620
 3615.95	  1621
 3616.05	  1622
 3616.15	  1621
 3616.25	  1623
 3616.35	  1624
 3616.45	  1625
 3616.55	  1625
 3616.65	  1623
 3616.75	  1626
 3616.85	  1624
 3616.95	  1624
 3617.05	  1626
 3617.15	  1623
 3617.25	  1624
 3617.35	  1623
 3617.45	  1623
 3617.55	  1620
 3617.65	  1623
 3617.75	  1623
 3617.85	  1623
 3617.95	  1623
 3618.05	  1621
 3618.15	  1623
 3618.25	  1624
 3618.35	  1624
 3618.45	  1625
 3618.55	  1623
 3618.65	  1625
 3618.75	  1626
 3618.85	  1626
 3618.95	  1626
 3619.05	  1626
 3619.15	  1627
 3619.25	  1626
 3619.35	  1627
 3619.45	  1622
 3619.55	  1627
 3619.65	  1627
 3619.75	  1627
 3619.85	  1627
 3619.95	  1625
 3620.05	  1627
 3620.15	  1628
 3620.25	  1627
 3620.35	  1627
 3620.45	  1628
