Wavelength Trans 
nm % 
480 28,3299141757494 
480,2 28,1674698357727 
480,4 28,0502484162107 
480,6 27,9261871498471 
480,8 27,8835865570834 
481 27,6429022019186 
481,2 27,5059863033543 
481,4 27,4792048605624 
481,6 27,4202842965088 
481,8 27,2374132260695 
482 27,142657226631 
482,2 26,9679970025803 
482,4 26,7694383374469 
482,6 26,7549844036854 
482,8 26,6520927288513 
483 26,4801986952331 
483,2 26,4168590020551 
483,4 26,2637669841395 
483,6 26,1279924949859 
483,8 25,9724982591456 
484 25,815376402391 
484,2 25,798138364671 
484,4 25,6507974040566 
484,6 25,5456580673399 
484,8 25,5030583696411 
485 25,2774002836747 
485,2 25,1667674577288 
485,4 25,1313704657578 
485,6 25,0068971644789 
485,8 24,9283792486893 
486 24,8009968330802 
486,2 24,6879609327307 
486,4 24,4714388257197 
486,6 24,3899835518989 
486,8 24,3487564625286 
487 24,1896301869541 
487,2 24,1361701809244 
487,4 24,0031931929529 
487,6 23,9071745625139 
487,8 23,8057354606061 
488 23,7004237778242 
488,2 23,5188787290374 
488,4 23,4313643143665 
488,6 23,3709385577334 
488,8 23,3855839862219 
488,999999999999 23,1979577317639 
489,199999999999 23,0987914084441 
489,399999999999 23,0055128501794 
489,599999999999 22,8947398605489 
489,799999999999 22,7524662091605 
489,999999999999 22,6171072496407 
490,199999999999 22,5588702409408 
490,399999999999 22,5351690998509 
490,599999999999 22,4801361997863 
490,799999999999 22,308087085483 
490,999999999999 22,2607890463251 
491,199999999999 22,1834572472125 
491,399999999999 22,0745266247245 
491,599999999999 21,999041878581 
491,799999999999 21,8355223904641 
491,999999999999 21,7688813066045 
492,199999999999 21,7330542522957 
492,399999999999 21,6582085762289 
492,599999999999 21,4986390102043 
492,799999999999 21,3726451030514 
492,999999999999 21,3182924061516 
493,199999999999 21,2199170376436 
493,399999999999 21,1609102968421 
493,599999999999 21,0779098247414 
493,799999999999 20,9839436667729 
493,999999999999 20,9648041802848 
494,199999999999 20,8736917518741 
494,399999999999 20,7247848185657 
494,599999999999 20,7393010823839 
494,799999999999 20,6637221029752 
494,999999999999 20,5443960976794 
495,199999999999 20,4869240443141 
495,399999999999 20,3674629493709 
495,599999999999 20,3677023014998 
495,799999999999 20,2836984964522 
495,999999999999 20,2576730610089 
496,199999999999 20,1231455341071 
496,399999999999 20,0428491253222 
496,599999999999 19,9703353470232 
496,799999999999 19,9748725279658 
496,999999999999 19,9083557897882 
497,199999999999 19,8526068464174 
497,399999999999 19,7581674728321 
497,599999999999 19,7200732386624 
497,799999999999 19,6662617663136 
497,999999999999 19,5486806854119 
498,199999999999 19,5133337514795 
498,399999999999 19,5611629597962 
498,599999999999 19,5701753948371 
498,799999999999 19,4405264807935 
498,999999999999 19,2757336805305 
499,199999999999 19,2608662636935 
499,399999999999 19,1849058204567 
499,599999999999 19,0790813944902 
499,799999999999 19,0391822104864 
499,999999999999 19,0668553441601 
500,199999999999 19,0881685885668 
500,399999999999 18,9506811729135 
500,599999999999 18,8743426437624 
500,799999999999 18,8194451101484 
500,999999999999 18,7710818007697 
501,199999999999 18,6865016167946 
501,399999999999 18,6628074424998 
501,599999999999 18,6968349289728 
501,799999999999 18,7915862562483 
501,999999999999 18,5558439688676 
502,199999999999 18,4627172477076 
502,399999999999 18,4105407906876 
502,599999999999 18,539094008603 
502,799999999999 18,4965082811022 
502,999999999999 18,1623832817431 
503,199999999999 18,2291860656054 
503,399999999999 18,436521904084 
503,599999999999 18,3734908393363 
503,799999999999 18,0806168398753 
503,999999999999 17,9269756604089 
504,199999999999 18,1252080143307 
504,399999999999 18,3700051796551 
504,599999999999 18,2782886520097 
504,799999999999 17,922659995051 
504,999999999999 17,7399393947282 
505,199999999999 18,0138703907253 
505,399999999999 18,3556245367272 
505,599999999999 18,1043772978761 
505,799999999999 17,729156172144 
505,999999999999 17,7338657229001 
506,199999999999 18,1591213871198 
506,399999999998 18,4755182170758 
506,599999999998 18,3504889755599 
506,799999999998 17,8210291099778 
506,999999999998 17,3983202443625 
507,199999999998 17,6829962319294 
507,399999999998 18,2615877501406 
507,599999999998 18,498256498421 
507,799999999998 18,1050552869241 
507,999999999998 17,521521693376 
508,199999999998 17,5256407036758 
508,399999999998 18,1024035260016 
508,599999999998 18,8786071509302 
508,799999999998 19,0221537980633 
508,999999999998 18,5394532367853 
509,199999999998 17,7920034350081 
509,399999999998 17,4918061594154 
509,599999999998 17,9935290462066 
509,799999999998 18,8321478155953 
509,999999999998 19,0648329626677 
510,199999999998 18,6163080842576 
510,399999999998 17,6565398422596 
510,599999999998 17,1195896263359 
510,799999999998 17,612972794089 
510,999999999998 18,5331297398375 
511,199999999998 19,1529858243725 
511,399999999998 19,0408036894722 
511,599999999998 18,1175226238115 
511,799999999998 17,1595450784006 
511,999999999998 17,0878075782484 
512,199999999998 17,8694492573384 
512,399999999998 18,8645174329096 
512,599999999998 19,2753955362115 
512,799999999998 18,6991957280453 
512,999999999998 17,5597491028021 
513,199999999998 16,8144441362249 
513,399999999998 16,919644544456 
513,599999999999 17,7338117004773 
513,799999999999 18,7046585784995 
513,999999999999 19,2727710586407 
514,199999999999 18,8535112416749 
514,399999999999 17,6437278138094 
514,599999999999 16,4999797797937 
514,799999999999 16,3406316741684 
514,999999999999 17,0636404081009 
515,199999999999 18,2323950225075 
515,399999999999 18,9922123300645 
515,599999999999 18,8281396676263 
515,799999999999 17,753078505973 
515,999999999999 16,5128293878161 
516,199999999999 16,0216389360809 
516,399999999999 16,5479173337943 
516,599999999999 17,914075546435 
516,799999999999 19,2320620860819 
516,999999999999 19,7608932583799 
517,199999999999 18,9683043712824 
517,399999999999 17,244570401122 
517,599999999999 15,9043064164723 
517,8 15,742555600653 
518 16,5980987737827 
518,2 17,9062542924283 
518,4 19,0809866395804 
518,6 19,7002512583737 
518,8 19,1295808719382 
519 17,6367082228091 
519,2 16,1151482499983 
519,4 15,7112718916648 
519,6 16,4426852831552 
519,8 17,6584975935673 
520 19,0020683167169 
520,2 20,0146441171688 
520,4 20,0202521236259 
520,6 18,8599947652238 
520,8 17,0601410315501 
521 15,7837997891676 
521,2 15,9865980624189 
521,4 17,7345117795379 
521,6 19,037344293716 
521,8 19,9930016733483 
522 20,7265588555868 
522,200000000001 20,3852768654485 
522,400000000001 18,7097491215202 
522,600000000001 16,8046221898206 
522,800000000001 16,0772739927697 
523,000000000001 16,7013757168012 
523,200000000001 18,0900203554768 
523,400000000001 19,536717048045 
523,600000000001 20,9140341295346 
523,800000000001 21,7419923935578 
524,000000000001 21,3573798992342 
524,200000000001 19,636077630853 
524,400000000001 17,4338051645043 
524,600000000001 16,3310024153285 
524,800000000001 16,9273608556158 
525,000000000001 18,4437499507098 
525,200000000001 19,9947524805574 
525,400000000001 21,5745356489524 
525,600000000001 22,8145745123504 
525,800000000001 23,0458982661423 
526,000000000001 21,5648002987521 
526,200000000001 19,020343857256 
526,400000000001 17,0050017316289 
526,600000000002 16,9233230238986 
526,800000000002 18,2611171239909 
527,000000000002 20,0373910051085 
527,200000000002 21,6133280202714 
527,400000000002 23,0591879382514 
527,600000000002 23,9905114215579 
527,800000000002 23,7099715012969 
528,000000000002 21,7745844632217 
528,200000000002 19,1076691682374 
528,400000000002 17,3864465402459 
528,600000000002 17,395622286157 
528,800000000002 18,7217716546791 
529,000000000002 20,4259296219675 
529,200000000002 21,8524155013752 
529,400000000002 23,1338270526737 
529,600000000002 24,2066013002427 
529,800000000002 24,5682351623052 
530,000000000002 23,2771393343127 
530,200000000002 20,5697884273159 
530,400000000002 18,0231423884487 
530,600000000002 17,0964626747973 
530,800000000002 17,7763810356351 
531,000000000003 19,1262760444902 
531,200000000003 20,5059916123824 
531,400000000003 22,0521886567074 
531,600000000003 23,8269943560656 
531,800000000003 25,0518630768237 
532,000000000003 24,8028552887923 
532,200000000003 22,6397292875728 
532,400000000003 19,3501803363948 
532,600000000003 16,8838550596714 
532,800000000003 16,3481448999298 
533,000000000003 17,3405316668229 
533,200000000003 19,0658673638306 
533,400000000003 20,9164841076648 
533,600000000003 22,6973121203466 
533,800000000003 24,404088573061 
534,000000000003 25,4240918377371 
534,200000000003 24,7282153219688 
534,400000000003 22,0764747152252 
534,600000000003 18,6394881101178 
534,800000000003 16,4447577673908 
535,000000000003 16,3403986904345 
535,200000000003 17,711821170695 
535,400000000004 20,2835000409442 
535,600000000004 21,7438457480526 
535,800000000004 23,1051876281521 
536,000000000004 24,6871679184048 
536,200000000004 25,6050091352447 
536,400000000004 25,057620584095 
536,600000000004 22,7765962514509 
536,800000000004 19,5814750671222 
537,000000000004 17,2103199367863 
537,200000000004 16,6343503002032 
537,400000000004 17,6221676777892 
537,600000000004 19,4733181475341 
537,800000000004 21,4172441027347 
538,000000000004 23,1551321657267 
538,200000000004 24,4788775372258 
538,400000000004 25,2526258445313 
538,600000000004 25,4797374792259 
538,800000000004 24,7907449074862 
539,000000000004 22,8065677205878 
539,200000000004 20,0856033330071 
539,400000000004 18,0808601236227 
539,600000000004 17,744366024515 
539,800000000005 18,8893452143163 
540,000000000005 20,6329856608434 
540,200000000005 22,4602876640788 
540,400000000005 23,9390878058586 
540,600000000005 24,8351947779368 
540,800000000005 25,3044442709282 
541,000000000005 25,5571222265583 
541,200000000005 25,4876051396695 
541,400000000005 24,3224913233117 
541,600000000005 21,9213860899841 
541,800000000005 19,5628865779802 
542,000000000005 18,8413627597602 
542,200000000005 19,8368483099073 
542,400000000005 21,5885617658799 
542,600000000005 23,244029467987 
542,800000000005 24,4943456463244 
543,000000000005 25,1261505467084 
543,200000000005 25,2727758824404 
543,400000000005 25,560088213328 
543,600000000005 26,1428142856138 
543,800000000005 25,9753319076073 
544,000000000005 24,405710636908 
544,200000000006 22,0012053419258 
544,400000000006 20,3812439612061 
544,600000000006 21,1711113026503 
544,800000000006 22,4852287830758 
545,000000000006 24,132703845587 
545,200000000006 25,3327881557629 
545,400000000006 25,8920163227569 
545,600000000006 25,7346587416484 
545,800000000006 25,6998640499393 
546,000000000006 26,5155093098318 
546,200000000006 27,674281141209 
546,400000000006 27,7569616858862 
546,600000000006 26,1897868176413 
546,800000000006 23,8119218751167 
547,000000000006 22,3563536747716 
547,200000000006 22,7842542817409 
547,400000000006 24,496309632419 
547,600000000006 26,247015645424 
547,800000000006 27,110739700656 
548,000000000006 26,9208963522005 
548,200000000006 26,4388799261683 
548,400000000006 26,5665959420271 
548,600000000007 27,6065388248675 
548,800000000007 29,0273548445309 
549,000000000007 29,8293903417015 
549,200000000007 29,066922901925 
549,400000000007 26,9145901080034 
549,600000000007 24,7908844232708 
549,800000000007 24,2147954163844 
550,000000000007 25,2664307398102 
550,200000000007 26,8715642962413 
550,400000000007 27,7685236496819 
550,600000000007 27,4611999412736 
550,800000000007 26,7444800354359 
551,000000000007 26,7161454142257 
551,200000000007 27,7424837170544 
551,400000000007 29,3940902765082 
551,600000000007 30,8906676407797 
551,800000000007 31,6092134323006 
552,000000000007 30,9839713767538 
552,200000000007 28,9950908622101 
552,400000000007 27,1229461670012 
552,600000000007 26,8830927200383 
552,800000000007 27,9309087721762 
553,000000000008 28,8780479377489 
553,200000000008 28,5780572431041 
553,400000000008 27,4211121771847 
553,600000000008 26,6787832416192 
553,800000000008 27,0928845022965 
554,000000000008 28,4552061632783 
554,200000000008 30,317030902301 
554,400000000008 32,1853734994994 
554,600000000008 33,4680562841748 
554,800000000008 33,4692507035577 
555,000000000008 32,0432478032295 
555,200000000008 30,1372234064487 
555,400000000008 29,3850738334427 
555,600000000008 29,818516287415 
555,800000000008 30,0368771284996 
556,000000000008 28,9613581860762 
556,200000000008 27,2971888795172 
556,400000000008 26,5529029685312 
556,600000000008 27,2559096601844 
556,800000000008 28,932197301934 
557,000000000008 30,9724289744398 
557,200000000008 33,0306772779499 
557,400000000009 34,9159797302935 
557,600000000009 36,0416044098627 
557,800000000009 35,9016485956319 
558,000000000009 34,5006449100253 
558,200000000009 32,8604898860929 
558,400000000009 32,057346358107 
558,600000000009 31,6589826836075 
558,800000000009 30,6628124864306 
559,000000000009 28,7500635875275 
559,200000000009 27,3233002308456 
559,400000000009 27,4575069439047 
559,600000000009 28,9343108328939 
559,800000000009 30,8982119587063 
560,000000000009 32,7352239942583 
560,200000000009 34,5460004743039 
560,400000000009 36,3000448772105 
560,600000000009 37,7883397719988 
560,800000000009 38,2928659786293 
561,000000000009 37,494927303566 
561,200000000009 35,9934107153275 
561,400000000009 34,6352615788617 
561,600000000009 33,3910462839313 
561,80000000001 31,5695207559804 
562,00000000001 29,4956518268202 
562,20000000001 28,5425470617665 
562,40000000001 29,2174390037388 
562,60000000001 30,7702624700824 
562,80000000001 32,4806158122814 
563,00000000001 34,1067006388614 
563,20000000001 35,7921531153099 
563,40000000001 37,5388627049635 
563,60000000001 39,2227396417654 
563,80000000001 40,3275363674956 
564,00000000001 40,3818946611041 
564,20000000001 39,4987211477561 
564,40000000001 38,0385524254849 
564,60000000001 36,4082676807352 
564,80000000001 34,2499923385683 
565,00000000001 31,8549710008865 
565,20000000001 30,4181563816002 
565,40000000001 30,6137515063722 
565,60000000001 31,8503872529231 
565,80000000001 33,299881743824 
566,00000000001 34,6815887015903 
566,200000000011 36,2441648114421 
566,400000000011 38,0096681487534 
566,600000000011 39,7538681167108 
566,800000000011 41,2963627924398 
567,000000000011 42,4577923102692 
567,200000000011 42,9415009529037 
567,400000000011 42,6691402909456 
567,600000000011 41,6159627217803 
567,800000000011 39,5495477098337 
568,000000000011 36,7082313945251 
568,200000000011 34,1337334931721 
568,400000000011 32,8672090330726 
568,600000000011 32,9832517921702 
568,800000000011 33,7713810755124 
569,000000000011 34,6780437290435 
569,200000000011 35,9148455094271 
569,400000000011 37,6401483111737 
569,600000000011 39,53811828467 
569,800000000011 41,2407804510889 
570,000000000011 42,7880311618187 
570,200000000011 44,3531521384046 
570,400000000011 45,678258032638 
570,600000000012 46,3200646644793 
570,800000000012 45,7538745899955 
571,000000000012 43,7094718878447 
571,200000000012 40,5139642055587 
571,400000000012 37,4172336001848 
571,600000000012 35,6009556565961 
571,800000000012 35,0205534711779 
572,000000000012 35,2170844778165 
572,200000000012 35,9447412261876 
572,400000000012 38,0102027627226 
572,600000000012 39,3210661757347 
572,800000000012 40,8916189162825 
573,000000000012 42,704341210648 
573,200000000012 44,4503510348919 
573,400000000012 46,1335293267593 
573,600000000012 47,6982300499696 
573,800000000012 48,83475526176 
574,000000000012 49,276220810178 
574,200000000012 48,4362594650227 
574,400000000012 45,9940051888564 
574,600000000012 42,632226660306 
574,800000000012 39,5830174226472 
575,000000000013 37,7958806134675 
575,200000000013 37,2000186892168 
575,400000000013 37,4678960954522 
575,600000000013 38,5243336911724 
575,800000000013 40,2414530407353 
576,000000000013 42,0929467504486 
576,200000000013 43,9205881609905 
576,400000000013 45,636784210339 
576,600000000013 47,0866251460324 
576,800000000013 48,3749429869448 
577,000000000013 49,5986289294741 
577,200000000013 50,8564294881099 
577,400000000013 51,9420520438063 
577,600000000013 51,9989218132161 
577,800000000013 50,4226333868116 
578,000000000013 47,2506720413036 
578,200000000013 43,515030727656 
578,400000000013 40,6096489527346 
578,600000000013 39,2464384609871 
578,800000000013 39,3958632492935 
579,000000000013 40,6887868647813 
579,200000000013 42,474134098731 
579,400000000014 44,2311837716535 
579,600000000014 45,9648389539608 
579,800000000014 47,4648858174389 
580,000000000014 48,7479242791652 
580,200000000014 50,0472173341617 
580,400000000014 51,3688175955712 
580,600000000014 52,6659986989917 
580,800000000014 53,9612995375252 
581,000000000014 54,8620344218443 
581,200000000014 54,7476432936307 
581,400000000014 51,4004034888446 
581,600000000014 48,3616549635129 
581,800000000014 44,917671766304 
582,000000000014 42,203721234601 
582,200000000014 41,6482158814103 
582,400000000014 42,6025931845959 
582,600000000014 44,2425215052415 
582,800000000014 45,9811252673074 
583,000000000014 47,4885038284909 
583,200000000014 48,8620538556333 
583,400000000014 50,22472009575 
583,600000000014 51,6110161641466 
583,800000000015 52,9842948034863 
584,000000000015 54,3379702527957 
584,200000000015 55,629655126503 
584,400000000015 56,7439208412224 
584,600000000015 57,6451464756453 
584,800000000015 57,7096622665727 
585,000000000015 55,9628979451196 
585,200000000015 52,051412311247 
585,400000000015 47,5408736294455 
585,600000000015 44,6445039919271 
585,800000000015 44,0460330690924 
586,000000000015 45,0946089768649 
586,200000000015 46,7287385853944 
586,400000000015 48,9508400469587 
586,600000000015 49,8782822658568 
586,800000000015 50,9818335474571 
587,000000000015 52,3814163780799 
587,200000000015 53,8423399941598 
587,400000000015 55,1504443960741 
587,600000000015 56,4181669733258 
587,800000000015 57,633171181808 
588,000000000015 58,5762044181657 
588,200000000016 59,4650578757477 
588,400000000016 60,1213725238892 
588,600000000016 59,5290939675142 
588,800000000016 56,9872500777822 
589,000000000016 52,6820678535892 
589,200000000016 48,5561708496694 
589,400000000016 46,5900454064239 
589,600000000016 46,8783399911441 
589,800000000016 48,3473253181911 
590,000000000016 49,9631526627904 
590,200000000016 51,4513891063583 
590,400000000016 52,9696852975799 
590,600000000016 54,3867767123689 
590,800000000016 55,5387696824808 
591,000000000016 56,6352789312799 
591,200000000016 57,7367267233421 
591,400000000016 58,7988982678782 
591,600000000016 59,8362288950376 
591,800000000016 60,7676666876171 
592,000000000016 61,6100201969583 
592,200000000016 62,0588764605234 
592,400000000016 61,0098932547644 
592,600000000017 57,8498738342799 
592,800000000017 53,4745299227428 
593,000000000017 50,1165679864537 
593,200000000017 49,1732686702476 
593,400000000017 50,0102601801123 
593,600000000017 51,4184510756215 
593,800000000017 52,7708851372539 
594,000000000017 54,0548159566563 
594,200000000017 55,2812924367203 
594,400000000017 56,4349084646958 
594,600000000017 57,5788044524422 
594,800000000017 58,6498849907943 
595,000000000017 59,7543074963883 
595,200000000017 60,7245408121949 
595,400000000017 61,9572517258893 
595,600000000017 62,5274252649944 
595,800000000017 63,1379117182904 
596,000000000017 63,5843910036373 
596,200000000017 62,9968436007174 
596,400000000017 60,6338224670335 
596,600000000017 56,8878620343435 
596,800000000017 53,4555021796642 
597,000000000018 51,8927537356947 
597,200000000018 52,1779161517352 
597,400000000018 53,2299823750825 
597,600000000018 54,5130287771172 
597,800000000018 55,817529765865 
598,000000000018 57,0360537968202 
598,200000000018 58,1582661439584 
598,400000000018 59,2656720661553 
598,600000000018 60,2363044673054 
598,800000000018 61,1089808925794 
599,000000000018 61,9521560426984 
599,200000000018 62,7138710347536 
599,400000000018 63,4365487235725 
599,600000000018 64,128909900563 
599,800000000018 64,712705416876 
600,000000000018 64,7460535880695 
600,200000000018 63,3744664760378 
600,400000000018 60,419374572966 
600,600000000018 57,0641118010084 
600,800000000018 54,8156041225529 
601,000000000018 54,3384599696631 
601,200000000018 55,05129629512 
601,400000000019 56,210148562092 
601,600000000019 57,4266301411456 
601,800000000019 58,5154363425418 
602,000000000019 59,5346452413503 
602,200000000019 60,405977276806 
602,400000000019 61,2918973002837 
602,600000000019 62,2136840692704 
602,800000000019 63,0075128285079 
603,000000000019 63,6957395297041 
603,200000000019 64,3471892863058 
603,400000000019 64,966569085342 
603,600000000019 65,628855450686 
603,800000000019 65,9398343389249 
604,000000000019 65,4441899000105 
604,200000000019 63,7611067396728 
604,400000000019 61,0875414259975 
604,600000000019 58,4977805262536 
604,800000000019 57,0667787405199 
605,000000000019 56,9603713200986 
605,200000000019 57,5893135266159 
605,400000000019 58,3928635612679 
605,600000000019 59,3546865841697 
605,80000000002 60,3187960942536 
606,00000000002 61,1842498543863 
606,20000000002 62,0076250313725 
606,40000000002 62,7909147639416 
606,60000000002 63,5045728616901 
606,80000000002 64,1881495310863 
607,00000000002 64,8135922031259 
607,20000000002 65,4637117170351 
607,40000000002 65,9677086227505 
607,60000000002 66,4338692650381 
607,80000000002 66,6898228363765 
608,00000000002 66,377636554678 
608,20000000002 65,214279907265 
608,40000000002 63,2238486361892 
608,60000000002 61,0905804233239 
608,80000000002 59,5965801642403 
609,00000000002 59,2404408003237 
609,20000000002 59,6611982447305 
609,40000000002 60,4649805760256 
609,60000000002 61,0497505975608 
609,80000000002 61,8495155460977 
610,00000000002 62,6435372412948 
610,200000000021 63,3037429574215 
610,400000000021 63,9948230451651 
610,600000000021 64,5859770857937 
610,800000000021 65,21515750097 
611,000000000021 65,8232491115959 
611,200000000021 66,268811912536 
611,400000000021 66,7592746311519 
611,600000000021 67,2369533139825 
611,800000000021 67,4936343942334 
612,000000000021 67,3570328218965 
612,200000000021 66,5488801587881 
612,400000000021 65,0669681242242 
612,600000000021 63,3731934023179 
612,800000000021 62,1284249261743 
613,000000000021 61,4803975043336 
613,200000000021 61,5560379722993 
613,400000000021 61,992706041603 
613,600000000021 62,4910766996402 
613,800000000021 63,1323806274281 
614,000000000021 63,804272660425 
614,200000000021 64,405473219483 
614,400000000021 64,9935817198433 
614,600000000022 65,5928588006828 
614,800000000022 66,1697997502899 
615,000000000022 66,6884829655014 
615,200000000022 67,0564888391729 
615,400000000022 67,4702356745552 
615,600000000022 67,837272595939 
615,800000000022 68,1704922796163 
616,000000000022 68,262165695034 
616,200000000022 67,944224933452 
616,400000000022 67,2787716489362 
616,600000000022 66,1703647109072 
616,800000000022 64,8934406759676 
617,000000000022 63,9641051725322 
617,200000000022 63,5519842838118 
617,400000000022 63,6335678604803 
617,600000000022 63,870065565459 
617,800000000022 64,2219606846082 
618,000000000022 64,6247127292909 
618,200000000022 65,2455579538947 
618,400000000022 66,0380224909649 
618,600000000022 66,3751713936326 
618,800000000022 66,8011070718925 
619,000000000023 67,2064117856718 
619,200000000023 67,5674149135479 
619,400000000023 67,9965237052754 
619,600000000023 68,3755719497075 
619,800000000023 68,6117758984905 
620,000000000023 68,7730901850474 
620,200000000023 68,869081136118 
620,400000000023 68,7026133013586 
620,600000000023 68,1009435347581 
620,800000000023 67,2386372756934 
621,000000000023 66,3818778729732 
621,200000000023 65,7374258615069 
621,400000000023 65,2944123657846 
621,600000000023 65,1482263844234 
621,800000000023 65,3509776268873 
622,000000000023 65,6973797537971 
622,200000000023 66,079363837418 
622,400000000023 66,4756273968563 
622,600000000023 66,9017251466586 
622,800000000023 67,3290551467026 
623,000000000023 67,7099872134674 
623,200000000023 68,0923892705938 
623,400000000024 68,5827562086442 
623,600000000024 68,7686819657968 
623,800000000024 68,9976113207664 
624,000000000024 69,2515641871988 
624,200000000024 69,4210812477962 
624,400000000024 69,5591700375417 
624,600000000024 69,5680503694653 
624,800000000024 69,2564628733331 
625,000000000024 68,6724914651836 
625,200000000024 67,8367741183308 
625,400000000024 67,3929694196426 
625,600000000024 67,0315316944641 
625,800000000024 66,8232358770305 
626,000000000024 66,6833408559668 
626,200000000024 66,7604569613121 
626,400000000024 67,0130829899743 
626,600000000024 67,3558410573049 
626,800000000024 67,720544353735 
627,000000000024 68,0626230699184 
627,200000000024 68,4269680941624 
627,400000000024 68,7294303160498 
627,600000000024 68,9676797617266 
627,800000000025 69,2169631848097 
628,000000000025 69,5406705485421 
628,200000000025 69,7805944078244 
628,400000000025 69,9280755689096 
628,600000000025 70,0596244354695 
628,800000000025 70,0578978399104 
629,000000000025 69,9169460785482 
629,200000000025 69,7162159465264 
629,400000000025 69,4094498095274 
629,600000000025 68,7724805737824 
629,800000000025 68,1547149954781 
630,000000000025 67,8952156022672 
630,200000000025 67,9111345455363 
630,400000000025 68,0026142909365 
630,600000000025 68,0893656251828 
630,800000000025 68,1559758494933 
631,000000000025 68,3960466770226 
631,200000000025 68,7432737658785 
631,400000000025 69,0037947142607 
631,600000000025 69,3362442006512 
631,800000000025 69,5528083727166 
632,000000000025 69,7700243209479 
632,200000000026 69,9587726467025 
632,400000000026 70,1547120392139 
632,600000000026 70,3833410540305 
632,800000000026 70,4186147899354 
633,000000000026 70,5334640529959 
633,200000000026 70,5354444263698 
633,400000000026 70,3036646655711 
633,600000000026 70,0945771473072 
633,800000000026 69,9038755399228 
634,000000000026 69,7256293313753 
634,200000000026 69,4628922075669 
634,400000000026 69,0578546102752 
634,600000000026 68,8142097040074 
634,800000000026 68,8000506371986 
635,000000000026 68,975856896827 
635,200000000026 69,1559294094663 
635,400000000026 69,2610545196726 
635,600000000026 69,4159813712944 
635,800000000026 69,6453736673193 
636,000000000026 69,8050376327665 
636,200000000026 70,0530224510065 
636,400000000026 70,2555577527018 
636,600000000027 70,4252900761459 
636,800000000027 70,529388512488 
637,000000000027 70,5430134864953 
637,200000000027 70,6442032853002 
637,400000000027 70,8545360536559 
637,600000000027 70,9448926829295 
637,800000000027 71,0088813372181 
638,000000000027 70,8294141648267 
638,200000000027 70,5241504219367 
638,400000000027 70,2315788602199 
638,600000000027 69,9709066040013 
638,800000000027 70,0239569227877 
639,000000000027 69,9348518810827 
639,200000000027 69,7775946914333 
639,400000000027 69,5804025834393 
639,600000000027 69,7005587655129 
639,800000000027 69,865469525831 
640,000000000027 70,0328071463842 
640,200000000027 70,2630353298254 
640,400000000027 70,3465487385251 
640,600000000027 70,5563702338666 
640,800000000027 70,7443522020013 
641,000000000028 70,8939125493504 
641,200000000028 70,964041877981 
641,400000000028 71,0400960205001 
641,600000000028 71,1173337107819 
641,800000000028 71,1459666882313 
642,000000000028 71,1983067777095 
642,200000000028 71,2353154101276 
642,400000000028 71,3081934566038 
642,600000000028 71,276665285368 
642,800000000028 71,0589793590244 
643,000000000028 70,8354906912774 
643,200000000028 70,5828500405837 
643,400000000028 70,4011559155255 
643,600000000028 70,4001912464921 
643,800000000028 70,5258692701652 
644,000000000028 70,4517460525848 
644,200000000028 70,4447073320089 
644,400000000028 70,4945597118059 
644,600000000028 70,5409735829921 
644,800000000028 70,7304367091851 
645,000000000028 70,75112884573 
645,200000000028 70,9409256376947 
645,400000000029 71,0756314625189 
645,600000000029 71,1626831555866 
645,800000000029 71,2903811095833 
646,000000000029 71,3299061288416 
646,200000000029 71,5068368853441 
646,400000000029 71,549644398084 
646,600000000029 71,5327791079921 
646,800000000029 71,5102666856903 
647,000000000029 71,4770267249683 
647,200000000029 71,4404697276463 
647,400000000029 71,4209771465843 
647,600000000029 71,4593103106419 
647,800000000029 71,3554518060421 
648,000000000029 71,110786620975 
648,200000000029 70,811108985872 
648,400000000029 70,7425718223595 
648,600000000029 70,9027152968309 
648,800000000029 71,0033167618552 
649,000000000029 71,1560470365461 
649,200000000029 71,2157661620861 
649,400000000029 71,1664822085046 
649,600000000029 71,1545592016601 
649,80000000003 71,2519058795557 
650,00000000003 71,2947375015617 
650,20000000003 71,4353071542377 
650,40000000003 71,6065574271154 
650,60000000003 71,6072232280898 
650,80000000003 71,7552007163338 
651,00000000003 71,8158061622694 
651,20000000003 71,8417595446067 
651,40000000003 71,8248867969028 
651,60000000003 71,7804702920798 
651,80000000003 71,6458408768154 
652,00000000003 71,5581843313071 
652,20000000003 71,4552460095551 
652,40000000003 71,6162072176813 
652,60000000003 71,6052435994965 
652,80000000003 71,6124202473659 
653,00000000003 71,5544406690477 
653,20000000003 71,1877396693117 
653,40000000003 71,1814119726645 
653,60000000003 71,2738846092354 
653,80000000003 71,4587593535275 
654,00000000003 71,5171125227792 
654,200000000031 71,5875490491473 
654,400000000031 71,6998033184395 
654,600000000031 71,7386687818416 
654,800000000031 71,7238700464209 
